**********  mlt  **********

trans             ar    bg    bn    ca    cs    da    de    el    en    es    et    eu    fi    grc   hi
0000_constituents
000_orig          79.92 88.83 81.04 87.71 77.52 85.33 83.43 78.50 88.20 86.93 84.63 74.54 72.00 54.64 86.96
001_pdtstyle      79.73 86.93 80.42 85.32 77.57 81.94 82.01 78.23 85.58 84.81 86.41 70.17 72.71 54.69 86.42
trans_fPhLsHcHpB   0.04 -0.41  0.25  0.03 -0.05  0.02  0.05 -0.12  0.06 -0.01 -0.00 -0.16 -0.13 -2.28 -0.00
trans_fPhMsHcHpB  -0.08 -0.10  0.25  0.03 -0.05 -0.05 -0.04 -0.19  0.06 -0.01 -0.42 -0.16 -0.17 -2.01 -0.00
trans_fPhRsHcHpB  -0.55  0.22  0.25  0.03  0.10  0.24 -0.01  0.31  0.06 -0.01  0.10 -0.16 -0.02 -0.12 -0.00
trans_fShLsNcBpP   3.90  2.14  0.74  2.48  3.85  2.43  1.71  2.94  1.78  1.97  1.04 -1.14  2.61  3.81  0.59
trans_fShMsNcBpP   3.37  1.55  1.60  2.08  3.07  2.16  1.35  1.94  1.64  1.52  1.15 -1.41  2.21  3.61  1.18
trans_fShRsNcBpP   1.58  0.66  1.48  0.59  1.82  0.55  0.98  1.60  0.97  0.23  1.25 -0.13 -0.37  4.40  1.12

trans             hu    it    ja    la    nl    pt    ro    ru    sl    sv    ta    te    tr    better worse average
0000_constituents                                                                                0      0     0.01
000_orig          75.99 83.66 92.72 42.39 76.21 85.35 85.88 84.07 75.89 88.16 78.84 87.11 78.00 28      0    80.16
001_pdtstyle      78.55 82.42 92.49 42.27 75.82 84.02 85.46 85.83 76.16 83.49 78.69 88.11 76.96 28      0    79.41
trans_fPhLsHcHpB  -0.18 -0.25  0.07  1.73  0.19 -0.05 -0.00 -0.02 -0.44 -1.45 -0.30  0.00  0.00  9     14    -0.12
trans_fPhMsHcHpB  -0.18 -0.31  0.07  0.48 -0.06 -0.05 -0.00 -0.02  0.04 -1.50  0.05  0.00  0.00  7     17    -0.15
trans_fPhRsHcHpB  -0.18 -0.08  0.07  0.12  0.12 -0.05 -0.00 -0.02  0.25 -0.12  0.10  0.00  0.00 13     11     0.03
trans_fShLsNcBpP  -1.01  1.77  0.11  7.45  1.82  1.05  0.04  2.00  2.50  2.58  0.55  2.68 -0.91 25      3     1.84
trans_fShMsNcBpP  -0.73  1.63  0.41  6.33  1.11  1.16  0.38  1.74  2.48  1.93  2.66 1.84 0.86 26      2     1.75
trans_fShRsNcBpP  -0.45  0.57  0.41  3.09  1.21 -0.16  0.53  0.27  0.93  1.15  2.61 2.01 0.71 24      4     1.06

**********  smf  **********

trans             ar    bg    bn    ca    cs    da    de    el    en    es    et    eu    fi    grc   hi
0000_constituents
000_orig          85.13 84.50 86.83 84.74 84.93 88.93 81.59 81.92 89.77 90.40 91.32 75.92 77.81 63.70 92.00
001_pdtstyle      85.02 90.94 86.83 89.81 85.19 86.66 88.14 82.04 88.74 89.79 89.65 79.07 79.05 63.57 91.39
trans_fPhLsHcHpB   0.13 -0.84  0.12 -0.12  0.15 -0.00  0.26  0.15  0.06 -0.03 -0.31 -0.08  0.31  0.06 -0.00
trans_fPhMsHcHpB  -0.08 -0.64  0.12 -0.12 -0.38 -0.07 -0.22 -0.29  0.06 -0.03 -0.63 -0.08  0.64 -1.27 -0.00
trans_fPhRsHcHpB  -0.12 -0.42  0.12 -0.12  0.76 -0.10 -0.05  0.33  0.06 -0.03  0.21 -0.08 -0.37  0.08 -0.00
trans_fShLsNcBpP   1.91  0.71  0.37  0.86  1.97  0.84  1.07  1.52  0.03  0.39  1.88 -0.92  0.24  3.17  0.04
trans_fShMsNcBpP   1.46 -0.00  1.11  0.55  0.93  1.35  0.83  0.38  0.06  0.25  1.15 -1.26 -0.13  3.32  0.51
trans_fShRsNcBpP   0.13  0.23  1.35  0.32  1.29  0.97  0.65  1.69 -0.14 -0.03  0.63  0.44  1.14  3.91  0.36

trans             hu    it    ja    la    nl    pt    ro    ru    sl    sv    ta    te    tr    better worse average
0000_constituents                                                                                0      0     0.01
000_orig          74.23 85.56 80.22 52.60 82.58 77.83 86.07 86.04 80.77 86.96 79.19 92.30 84.76 28      0    82.45
001_pdtstyle      83.09 84.07 92.18 52.00 81.90 88.43 86.56 87.43 81.35 83.39 79.04 92.13 82.48 28      0    83.93
trans_fPhLsHcHpB   0.34  0.41 -0.07  1.08        0.38 -0.00  0.14  0.41 -1.68  0.15  0.00  0.51 16      7     0.06
trans_fPhMsHcHpB   0.34       -0.07  0.06 -0.78  0.38 -0.00  0.14  0.11 -1.07 -0.30  0.00  0.51  9     15    -0.13
trans_fPhRsHcHpB   0.34  0.45 -0.07  1.27 -0.96  0.38 -0.00  0.14 -0.06 -0.32 -0.45  0.00  0.51 12     13     0.06
trans_fShLsNcBpP  -0.50  0.69  0.10  3.40 -0.19  0.21 -0.87  0.60  2.38  2.05  1.51  0.00  0.49 23      4     0.86
trans_fShMsNcBpP  -1.11  0.92  0.44  4.45 -0.80  0.04 -0.23 -0.15  1.28  1.16  1.91  0.17  1.86 21      6     0.74
trans_fShRsNcBpP  -0.41  0.53  0.42  3.05  0.24 -0.36 -0.46 -0.29  1.25  0.60  1.21  1.01  1.44 22      6     0.76