parser         ar    bg-ud11 bn    ca    cs-ud11 da-ud11 de    de-ud11 el-ud11 en    en-ud11 es    es-ud11 et    eu-ud11 fa    fa-ud11 fi-ud11 fi-ud11ftb fr-ud11 ga-ud11 grc  
dlx-ar         66.26 38.18   13.53 36.66 30.70   32.27   22.35 23.62   26.54   19.09 27.92   36.66 35.46   55.86 29.86   22.74 36.01   27.53   29.93      33.50   49.63   27.52
dlx-bg-ud11    35.85 78.44   42.88 59.02 59.42   52.81   36.57 56.43   59.13   43.06 50.36   57.09 54.87   66.64 41.36   14.24 39.74   46.13   42.18      55.10   47.79   43.95
dlx-bn         13.23 34.66   72.01 31.05 30.19   30.63   25.87 34.53   29.77   31.13 34.35   30.36 28.12   37.87 33.43   12.93 23.51   33.06   41.26      28.84   21.26   27.40
dlx-ca         38.35 63.74   21.75 75.28 51.60   54.72   30.08 54.64   42.89   38.12 51.37   72.37 64.54   40.70 35.70   19.90 42.65   38.37   38.56      62.37   54.49   33.05
dlx-cs-ud11    31.99 62.50   35.70 55.50 62.44   46.06   29.78 49.77   51.20   39.42 46.35   53.17 47.96   38.08 30.53   13.91 40.58   36.67   37.13      47.75   41.56   30.13
dlx-da-ud11    31.33 68.69   20.09 61.82 50.35   75.19   34.83 44.35   51.58   34.56 47.22   61.65 56.08   68.94 22.89   17.92 34.13   48.44   42.98      53.16   46.07   34.77
dlx-de         15.26 42.31   36.53 32.50 35.72   33.93   74.36 42.91   42.98   34.58 38.33   35.66 33.35   66.01 26.37   23.32 21.82   42.47   43.94      35.15   30.31   37.10
dlx-de-ud11    23.38 57.71   32.37 55.44 48.21   48.93   34.87 67.04   46.19   48.12 57.95   53.40 56.56   53.25 37.68   17.08 30.00   41.09   43.30      56.45   44.84   31.66
dlx-el-ud11    35.96 64.96   23.21 56.59 51.13   48.72   32.00 52.36   74.83   40.50 51.86   56.54 54.98   40.07 33.41   15.66 29.08   39.73   41.05      53.16   48.21   34.80
dlx-en         25.10 55.65   25.40 58.82 41.05   51.83   33.39 52.75   40.62   68.80 60.50   56.03 58.87   55.76 36.98   14.05 26.15   42.05   38.55      58.32   41.38   31.99
dlx-en-ud11    22.10 52.36   25.08 62.37 46.58   54.67   31.18 53.16   49.30   60.73 72.68   57.78 60.95   42.89 34.25   15.87 28.95   44.38   39.28      60.44   46.64   31.22
dlx-es         44.45 73.02   17.90 79.74 54.77   58.77   33.35 50.84   47.18   40.22 50.74   79.23 65.68   61.51 34.51   20.43 44.41   42.95   39.15      64.25   53.73   36.28
dlx-es-ud11    40.12 56.41   25.50 67.01 48.92   46.86   27.77 49.07   42.72   43.10 51.12   65.13 67.76   31.18 31.16   21.19 41.07   34.86   34.36      64.28   52.98   29.42
dlx-et         23.62 56.07   39.23 46.47 49.89   49.56   35.62 50.74   48.08   44.26 49.89   45.75 43.06   86.20 45.49   10.58 28.52   52.90   47.65      42.96   39.29   40.33
dlx-eu-ud11    21.68 42.92   32.78 29.96 35.29   36.88   29.86 43.34   28.52   40.98 41.31   29.73 36.84   58.37 73.36   13.85 30.18   42.00   37.53      37.67   30.91   37.49
dlx-fa         25.03 28.31   19.05 31.29 24.76   29.58   32.56 33.25   18.28   28.39 31.88   31.11 30.62   24.48 31.91   58.98 32.46   26.43   32.80      30.55   24.68   25.52
dlx-fa-ud11    30.67 52.53   26.54 47.75 41.54   43.72   27.05 41.50   34.69   38.56 41.78   45.86 51.23   41.95 36.71   22.88 62.85   35.88   34.59      50.68   44.91   30.63
dlx-fi-ud11    22.76 62.68   16.03 53.99 55.14   56.09   35.04 49.91   49.67   43.30 53.87   52.89 48.34   65.38 38.97   14.26 34.35   66.20   53.47      48.06   41.20   36.20
dlx-fi-ud11ftb 17.09 48.38   47.35 44.66 41.97   45.85   34.27 45.93   43.39   39.00 46.43   43.72 44.28   60.99 37.09   14.17 28.80   50.75   69.81      44.71   39.05   33.09
dlx-fr-ud11    39.46 56.71   16.24 68.30 48.15   49.92   30.11 52.83   40.12   47.66 56.70   65.98 67.61   45.51 29.10   20.11 39.28   37.75   38.25      69.93   53.21   29.12
dlx-ga-ud11    45.68 39.93   15.61 51.45 32.14   34.11   25.54 36.42   25.90   28.97 35.83   49.75 50.65   25.84 27.13   23.37 40.52   22.63   24.25      48.94   68.55   24.80
dlx-grc        35.04 59.17   29.45 46.36 46.65   43.78   33.46 43.80   50.27   35.98 40.47   48.34 46.62   62.45 33.61   11.99 33.85   44.16   39.94      45.34   40.91   56.42
dlx-he-ud11    50.16 53.69   27.58 54.50 39.03   41.31   30.86 42.12   31.73   31.41 37.62   57.04 57.00   49.06 32.75   23.38 46.17   35.36   37.71      53.81   57.66   33.20
dlx-hi         10.92 30.90   40.90 28.77 31.75   28.39   28.03 39.70   35.01   26.41 32.94   28.60 29.03   27.93 38.37   13.20 21.61   33.42   38.70      31.96   18.06   29.42
dlx-hr         43.56 68.70   33.20 63.16 62.38   54.04   36.81 55.61   60.63   48.04 56.60   61.58 62.15   67.47 38.87   18.32 45.13   45.90   41.85      60.15   55.44   37.79
dlx-hr-ud11    45.42 74.39   40.80 65.08 63.27   56.89   35.22 58.68   62.41   39.72 52.07   63.37 61.45   62.45 44.37   17.21 45.79   46.00   42.25      59.21   53.89   40.47
dlx-hu-ud11    17.70 51.40   31.85 42.45 43.98   43.82   41.26 50.53   37.90   44.16 48.59   42.39 40.52   71.45 48.72   13.15 28.31   50.75   47.05      40.51   31.10   39.42
dlx-id-ud11    46.30 66.01   23.73 65.78 50.98   52.31   30.31 47.91   47.34   37.52 48.89   63.53 60.73   53.88 39.41   24.36 45.67   36.77   37.09      60.78   56.59   35.88
dlx-it-ud11    44.00 64.59   20.92 71.07 52.84   56.07   31.42 46.23   50.32   38.36 51.01   68.14 63.94   50.01 28.99   20.07 45.58   40.32   39.69      63.33   55.07   36.10
dlx-ja          8.05 25.02   58.28 26.35 27.35   26.87   25.04 35.49   24.60   28.11 30.84   26.91 29.41   28.04 26.24   12.81 20.99   30.17   38.66      29.75   16.07   23.74
dlx-la         44.97 60.77   23.83 53.03 49.64   49.12   31.42 49.82   53.23   36.40 42.92   53.18 53.11   46.87 34.02   17.21 44.20   42.55   43.04      50.76   49.49   42.40
dlx-la-it      32.31 48.79   11.56 35.34 36.35   34.98   24.49 27.62   38.73   27.87 32.07   34.24 31.13   31.39 28.33    9.13 25.28   35.23   29.47      29.36   37.06   34.58
dlx-nl         16.32 41.44   38.09 33.84 34.21   35.98   51.79 44.99   37.43   34.04 40.08   36.66 34.04   60.15 42.11   21.44 24.93   39.16   40.51      36.39   29.34   32.51
dlx-pl         48.14 66.14   25.29 48.88 53.83   50.36   31.85 50.27   59.83   37.66 46.24   46.31 48.39   68.42 43.26   18.20 45.62   45.63   39.57      46.66   48.74   43.05
dlx-pt         37.57 60.71   24.87 61.56 47.45   51.25   32.47 49.74   43.05   38.00 47.58   62.82 59.51   53.35 33.64   20.61 40.12   36.15   37.60      58.37   53.26   31.29
dlx-ro         39.53 55.31   32.99 53.29 44.29   42.23   26.74 34.82   40.72   31.33 43.62   52.57 38.23   47.29 32.82   20.14 38.95   30.45   34.37      39.37   37.27   30.16
dlx-ru         42.02 54.44   47.35 40.00 47.51   38.76   25.96 27.31   54.26   30.07 32.55   40.75 23.94   45.51 29.17   14.84 30.70   31.67   41.31      23.09   27.85   34.43
dlx-sk         32.79 58.57   36.84 55.08 55.80   45.31   30.27 51.06   54.79   39.64 45.00   54.50 51.94   45.30 33.36   13.94 39.70   37.74   36.95      49.70   46.33   34.97
dlx-sl         40.94 71.52   21.65 60.57 62.87   54.93   35.71 55.22   58.99   42.82 51.57   58.59 56.00   66.01 41.29   15.23 40.67   45.23   43.03      54.53   51.59   38.90
dlx-sv-ud11    28.06 66.85   38.61 60.74 50.78   59.23   37.18 57.48   53.07   42.12 54.64   58.99 56.71   70.51 38.62   16.26 34.83   47.01   44.76      56.03   51.35   36.90
dlx-ta          7.68 32.45   32.78 30.33 30.13   28.47   29.11 37.87   32.08   31.59 33.91   31.11 28.90   34.94 40.16   10.30 19.21   34.53   42.66      29.33   18.17   30.14
dlx-te         14.14 36.68   54.53 28.98 29.63   26.82   29.01 30.19   33.65   21.07 28.74   27.45 22.42   46.55 38.01   10.57 22.84   29.81   42.56      25.43   19.01   30.58
dlx-tr         16.19 37.76   46.41 28.63 31.97   28.63   31.18 36.38   31.06   27.19 31.44   31.15 27.41   48.85 27.89   12.42 21.34   35.61   40.71      29.46   17.78   31.00
mlt            70.93 82.64   72.64 81.93 72.29   76.70   76.11 73.01   77.28   77.74 78.52   80.51 78.53   87.35 71.83   68.99 74.30   64.45   70.34      75.00   75.43   49.51
smf            73.05 80.10   79.92 79.50 71.93   79.00   76.86 73.56   79.93   75.20 78.44   82.71 71.74   87.03 76.98   69.34 74.48   71.19   73.68      76.43   76.90   60.37

parser         he-ud11 hi    hr    hr-ud11 hu-ud11 id-ud11 it-ud11 ja    la    la-it nl    pl    pt    ro    ru    sk    sl    sv-ud11 ta    te    tr   
dlx-ar         43.62   17.99 29.68 28.22   23.75   38.23   42.33   22.58 26.65 32.62 22.58 50.68 41.78 46.79 35.63 34.53 33.13 30.02   16.80 15.86  9.64
dlx-bg-ud11    49.93   32.95 53.87 53.51   55.64   43.10   61.42   31.17 34.75 35.49 33.34 63.57 58.77 57.66 49.34 52.72 58.52 59.16   38.57 49.92 37.16
dlx-bn         21.22   27.08 25.89 28.85   38.79   25.02   31.80   31.38 24.37 24.23 30.09 30.60 31.06 32.35 35.86 30.10 31.66 35.29   36.66 70.96 41.68
dlx-ca         56.30   19.83 48.89 49.10   37.84   52.61   68.66   33.45 26.71 31.48 31.77 53.81 63.39 61.97 42.46 49.97 54.67 58.45   24.54 33.39 21.70
dlx-cs-ud11    45.93   30.67 54.26 52.54   42.72   35.57   55.41   31.21 28.45 32.91 29.01 52.50 53.18 56.56 52.84 53.28 54.93 49.27   32.33 48.75 32.16
dlx-da-ud11    45.75   15.68 47.85 45.36   49.91   44.05   63.28   29.21 33.04 31.89 35.65 53.96 62.20 56.63 43.27 39.25 51.10 66.17   25.75 23.04 28.10
dlx-de         29.51   23.74 31.80 35.62   52.30   22.44   35.29   27.08 30.24 23.76 48.49 41.26 38.01 30.46 35.57 35.26 29.08 43.25   27.15 49.25 38.69
dlx-de-ud11    41.97   31.19 46.35 45.36   47.05   30.74   58.11   31.63 25.75 29.97 35.56 50.76 53.81 50.72 43.47 49.68 55.12 58.44   38.97 43.08 32.16
dlx-el-ud11    48.82   25.65 48.40 49.82   46.43   34.90   60.29   30.51 31.49 35.97 35.01 57.69 56.88 58.15 48.21 48.26 51.62 55.52   29.57 25.21 37.16
dlx-en         36.96   25.05 44.25 39.45   44.45   33.20   59.28   31.40 24.98 28.04 34.06 47.63 58.16 53.49 38.99 40.00 48.03 57.06   36.51 25.71 27.90
dlx-en-ud11    37.56   24.24 48.60 47.06   44.70   35.49   62.54   32.91 26.27 28.51 33.99 46.38 59.44 55.65 41.91 40.02 48.57 65.41   37.76 34.56 26.33
dlx-es         57.07   19.82 51.59 54.07   46.24   55.90   71.52   27.30 32.29 31.06 35.73 60.21 65.80 68.11 44.54 51.79 57.05 61.57   22.68 23.88 19.35
dlx-es-ud11    52.86   23.04 49.80 47.04   38.06   40.23   65.31   20.82 27.11 29.11 29.87 45.63 60.56 64.74 43.01 46.33 52.27 53.05   26.30 39.40 21.06
dlx-et         35.33   50.68 47.66 45.48   51.09   31.24   43.13   26.10 32.68 32.94 34.44 58.81 44.15 55.19 44.66 51.92 53.49 52.50   45.76 39.74 35.13
dlx-eu-ud11    28.40   54.89 31.44 31.81   40.45   29.20   28.70   29.96 28.49 25.67 33.77 46.89 29.37 36.29 31.27 40.37 41.76 43.17   49.58 31.89 36.46
dlx-fa         30.22   20.41 21.70 22.11   33.69   32.45   34.74   35.59 17.17 20.00 33.90 29.40 31.47 28.26 26.44 23.63 31.74 30.34   23.38 24.05 21.65
dlx-fa-ud11    40.14   28.84 38.74 38.41   38.54   45.45   52.78   33.94 24.14 24.93 30.62 45.71 46.69 62.01 37.17 38.88 46.03 46.33   30.93 16.20 22.54
dlx-fi-ud11    38.43   45.25 49.53 45.94   54.79   33.74   48.47   25.59 33.12 33.65 37.89 57.44 52.40 52.13 43.59 50.82 59.79 54.40   40.18 18.20 34.57
dlx-fi-ud11ftb 37.71   43.49 38.61 37.77   53.18   30.81   43.13   30.65 31.51 30.15 39.70 45.14 42.19 45.04 43.85 40.27 44.84 44.48   43.14 54.60 41.88
dlx-fr-ud11    52.45   18.90 48.12 47.86   42.57   44.30   70.37   31.77 24.21 31.45 32.02 48.06 66.12 64.63 37.37 44.21 55.45 56.64   21.98 21.21 21.37
dlx-ga-ud11    51.73   16.75 33.16 31.08   23.45   42.89   53.04   27.50 19.26 27.77 25.84 39.91 53.66 43.60 30.02 31.18 31.96 33.82   13.13 19.04 18.24
dlx-grc        41.39   24.49 41.66 40.37   46.06   32.25   50.68   34.87 35.98 37.49 29.69 57.75 50.95 57.47 43.06 46.57 45.17 43.22   30.52 35.40 32.27
dlx-he-ud11    76.05   16.74 37.24 39.86   36.01   54.91   60.99   36.23 32.52 32.77 28.98 52.55 65.32 46.71 39.31 38.54 39.24 42.24   17.90 42.58 23.12
dlx-hi         20.27   80.55 27.67 29.27   47.49   20.07   29.16   29.81 21.53 16.49 33.31 29.57 28.18 25.72 24.93 27.46 28.93 33.99   55.11 36.90 45.03
dlx-hr         51.91   28.77 72.61 64.10   48.63   43.24   61.55   37.11 32.45 37.90 31.20 64.33 61.91 64.89 56.34 60.03 64.18 60.40   31.18 46.58 27.22
dlx-hr-ud11    52.08   27.58 69.33 75.52   46.98   58.35   67.06   34.31 34.54 36.74 35.26 66.42 62.61 67.01 57.35 60.28 62.92 64.76   28.96 52.09 26.66
dlx-hu-ud11    31.82   57.48 40.01 41.02   76.85   29.71   41.44   25.13 32.93 28.08 41.90 47.95 42.58 33.04 34.16 43.91 51.23 49.79   49.88 29.22 45.96
dlx-id-ud11    54.15   19.29 50.10 52.13   41.33   70.06   66.53   27.71 32.20 33.91 32.54 61.17 64.16 63.15 45.41 48.27 53.89 57.36   22.48 22.04 18.93
dlx-it-ud11    54.79   16.87 51.10 53.29   42.65   53.79   76.66   31.54 31.87 35.52 33.06 60.94 69.48 64.25 48.62 46.74 54.93 59.77   22.88 34.40 26.09
dlx-ja         22.28   23.39 23.96 24.93   35.53   17.98   28.61   81.65 20.57 19.69 30.10 25.14 27.70 27.32 30.28 27.51 25.64 30.96   42.19 63.11 46.94
dlx-la         44.34   29.11 47.08 46.45   44.52   45.17   55.22   30.67 45.65 38.74 30.46 58.27 52.96 66.75 53.88 45.79 47.63 49.34   35.85 31.39 36.19
dlx-la-it      32.73   21.15 34.25 33.39   32.04   31.40   34.86   29.77 29.87 46.45 21.90 45.46 31.04 44.13 35.52 38.16 39.05 28.18   25.04  9.69 29.94
dlx-nl         30.30   31.43 30.51 34.07   51.60   30.39   37.56   24.92 27.61 20.87 60.76 40.07 38.95 27.81 29.94 35.18 35.01 41.98   40.58 47.75 39.29
dlx-pl         47.19   27.13 55.68 55.42   43.64   43.83   53.83   29.42 36.25 36.10 29.39 77.92 42.33 63.30 54.89 54.39 57.31 54.89   26.90 29.55 29.63
dlx-pt         52.81   18.90 47.43 44.66   41.36   51.06   64.09   30.53 28.38 34.67 33.34 54.52 69.89 57.96 46.01 45.34 43.51 55.35   22.93 36.90 21.48
dlx-ro         41.28   22.83 43.64 41.70   34.65   38.00   57.01   20.37 27.51 27.74 30.41 53.41 48.09 79.74 50.06 41.67 44.75 45.89   23.94 41.91 23.94
dlx-ru         39.30   24.95 46.63 44.05   34.65   34.11   41.98   23.24 32.52 32.26 27.79 53.38 43.81 46.79 66.86 42.98 37.45 42.40   28.56 57.27 27.26
dlx-sk         44.52   29.89 52.36 51.08   45.51   35.34   53.66   27.29 35.52 35.38 28.26 53.39 51.85 63.41 55.01 59.47 56.66 44.61   30.02 49.42 36.96
dlx-sl         54.00   29.79 59.73 58.96   51.12   45.46   60.41   32.28 31.87 36.27 33.06 64.31 58.84 61.29 53.74 59.32 76.17 60.52   28.96 24.21 30.32
dlx-sv-ud11    49.37   24.51 48.91 52.44   52.12   42.24   62.28   28.37 30.49 29.77 36.32 53.92 57.53 58.76 45.29 48.96 56.17 75.73   32.94 44.41 33.60
dlx-ta         21.21   65.07 28.84 27.33   47.23   17.28   30.83   28.21 25.44 17.95 34.76 27.52 31.52 21.44 30.46 29.69 28.91 30.56   75.62 28.05 56.13
dlx-te         19.02   35.83 27.44 26.72   37.55   24.38   28.86   24.47 24.00 20.94 28.47 34.03 27.36 32.01 34.79 30.51 31.65 32.36   36.66 80.97 39.78
dlx-tr         23.86   32.75 29.66 31.88   50.98   14.16   33.65   50.31 25.77 23.05 31.86 36.28 33.24 25.04 33.58 34.05 31.63 33.64   44.70 62.78 75.45
mlt            79.02   86.27 76.91 75.79   76.59   78.52   81.27   85.38 41.27 50.70 58.95 81.13 76.64 83.41 70.39 64.92 76.16 79.88   76.07 84.48 76.01
smf            78.78   86.35 76.62 78.33   79.71   79.11   82.69   86.40 50.31 57.93 62.98 81.22 74.80 85.27 72.88 58.67 80.43 80.49   79.59 84.65 80.15

treebank   1           2             3                4             5                6                7             8                9                10           
ar         smf (73.05) mlt (70.93)   dar (66.26)      dhe-u (50.16) dpl (48.14)      did-u (46.30)    dga-u (45.68) dhr-u (45.42)    dla (44.97)      des (44.45)  
bg-ud11    mlt (82.64) smf (80.10)   dbg-u (78.44)    dhr-u (74.39) des (73.02)      dsl (71.52)      dhr (68.70)   dda-u (68.69)    dsv-u (66.85)    dpl (66.14)  
bn         smf (79.92) mlt (72.64)   dbn (72.01)      dja (58.28)   dte (54.53)      dfi-uftb (47.35) dru (47.35)   dtr (46.41)      dbg-u (42.88)    dhi (40.90)  
ca         mlt (81.93) des (79.74)   smf (79.50)      dca (75.28)   dit-u (71.07)    dfr-u (68.30)    des-u (67.01) did-u (65.78)    dhr-u (65.08)    dhr (63.16)  
cs-ud11    mlt (72.29) smf (71.93)   dhr-u (63.27)    dsl (62.87)   dcs-u (62.44)    dhr (62.38)      dbg-u (59.42) dsk (55.80)      dfi-u (55.14)    des (54.77)  
da-ud11    smf (79.00) mlt (76.70)   dda-u (75.19)    dsv-u (59.23) des (58.77)      dhr-u (56.89)    dfi-u (56.09) dit-u (56.07)    dsl (54.93)      dca (54.72)  
de         smf (76.86) mlt (76.11)   dde (74.36)      dnl (51.79)   dhu-u (41.26)    dsv-u (37.18)    dhr (36.81)   dbg-u (36.57)    dsl (35.71)      det (35.62)  
de-ud11    smf (73.56) mlt (73.01)   dde-u (67.04)    dhr-u (58.68) dsv-u (57.48)    dbg-u (56.43)    dhr (55.61)   dsl (55.22)      dca (54.64)      den-u (53.16)
el-ud11    smf (79.93) mlt (77.28)   del-u (74.83)    dhr-u (62.41) dhr (60.63)      dpl (59.83)      dbg-u (59.13) dsl (58.99)      dsk (54.79)      dru (54.26)  
en         mlt (77.74) smf (75.20)   den (68.80)      den-u (60.73) dde-u (48.12)    dhr (48.04)      dfr-u (47.66) det (44.26)      dhu-u (44.16)    dfi-u (43.30)
en-ud11    mlt (78.52) smf (78.44)   den-u (72.68)    den (60.50)   dde-u (57.95)    dfr-u (56.70)    dhr (56.60)   dsv-u (54.64)    dfi-u (53.87)    dhr-u (52.07)
es         smf (82.71) mlt (80.51)   des (79.23)      dca (72.37)   dit-u (68.14)    dfr-u (65.98)    des-u (65.13) did-u (63.53)    dhr-u (63.37)    dpt (62.82)  
es-ud11    mlt (78.53) smf (71.74)   des-u (67.76)    dfr-u (67.61) des (65.68)      dca (64.54)      dit-u (63.94) dhr (62.15)      dhr-u (61.45)    den-u (60.95)
et         mlt (87.35) smf (87.03)   det (86.20)      dhu-u (71.45) dsv-u (70.51)    dda-u (68.94)    dpl (68.42)   dhr (67.47)      dbg-u (66.64)    dde (66.01)  
eu-ud11    smf (76.98) deu-u (73.36) mlt (71.83)      dhu-u (48.72) det (45.49)      dhr-u (44.37)    dpl (43.26)   dnl (42.11)      dbg-u (41.36)    dsl (41.29)  
fa         smf (69.34) mlt (68.99)   dfa (58.98)      did-u (24.36) dhe-u (23.38)    dga-u (23.37)    dde (23.32)   dfa-u (22.88)    dar (22.74)      dnl (21.44)  
fa-ud11    smf (74.48) mlt (74.30)   dfa-u (62.85)    dhe-u (46.17) dhr-u (45.79)    did-u (45.67)    dpl (45.62)   dit-u (45.58)    dhr (45.13)      des (44.41)  
fi-ud11    smf (71.19) dfi-u (66.20) mlt (64.45)      det (52.90)   dfi-uftb (50.75) dhu-u (50.75)    dda-u (48.44) dsv-u (47.01)    dbg-u (46.13)    dhr-u (46.00)
fi-ud11ftb smf (73.68) mlt (70.34)   dfi-uftb (69.81) dfi-u (53.47) det (47.65)      dhu-u (47.05)    dsv-u (44.76) dde (43.94)      dde-u (43.30)    dla (43.04)  
fr-ud11    smf (76.43) mlt (75.00)   dfr-u (69.93)    des-u (64.28) des (64.25)      dit-u (63.33)    dca (62.37)   did-u (60.78)    den-u (60.44)    dhr (60.15)  
ga-ud11    smf (76.90) mlt (75.43)   dga-u (68.55)    dhe-u (57.66) did-u (56.59)    dhr (55.44)      dit-u (55.07) dca (54.49)      dhr-u (53.89)    des (53.73)  
grc        smf (60.37) dgrc (56.42)  mlt (49.51)      dbg-u (43.95) dpl (43.05)      dla (42.40)      dhr-u (40.47) det (40.33)      dhu-u (39.42)    dsl (38.90)  
he-ud11    mlt (79.02) smf (78.78)   dhe-u (76.05)    des (57.07)   dca (56.30)      dit-u (54.79)    did-u (54.15) dsl (54.00)      des-u (52.86)    dpt (52.81)  
hi         smf (86.35) mlt (86.27)   dhi (80.55)      dta (65.07)   dhu-u (57.48)    deu-u (54.89)    det (50.68)   dfi-u (45.25)    dfi-uftb (43.49) dte (35.83)  
hr         mlt (76.91) smf (76.62)   dhr (72.61)      dhr-u (69.33) dsl (59.73)      dpl (55.68)      dcs-u (54.26) dbg-u (53.87)    dsk (52.36)      des (51.59)  
hr-ud11    smf (78.33) mlt (75.79)   dhr-u (75.52)    dhr (64.10)   dsl (58.96)      dpl (55.42)      des (54.07)   dbg-u (53.51)    dit-u (53.29)    dcs-u (52.54)
hu-ud11    smf (79.71) dhu-u (76.85) mlt (76.59)      dbg-u (55.64) dfi-u (54.79)    dfi-uftb (53.18) dde (52.30)   dsv-u (52.12)    dnl (51.60)      dsl (51.12)  
id-ud11    smf (79.11) mlt (78.52)   did-u (70.06)    dhr-u (58.35) des (55.90)      dhe-u (54.91)    dit-u (53.79) dca (52.61)      dpt (51.06)      dsl (45.46)  
it-ud11    smf (82.69) mlt (81.27)   dit-u (76.66)    des (71.52)   dfr-u (70.37)    dca (68.66)      dhr-u (67.06) did-u (66.53)    des-u (65.31)    dpt (64.09)  
ja         smf (86.40) mlt (85.38)   dja (81.65)      dtr (50.31)   dhr (37.11)      dhe-u (36.23)    dfa (35.59)   dgrc (34.87)     dhr-u (34.31)    dfa-u (33.94)
la         smf (50.31) dla (45.65)   mlt (41.27)      dpl (36.25)   dgrc (35.98)     dsk (35.52)      dbg-u (34.75) dhr-u (34.54)    dfi-u (33.12)    dda-u (33.04)
la-it      smf (57.93) mlt (50.70)   dla-it (46.45)   dla (38.74)   dhr (37.90)      dgrc (37.49)     dhr-u (36.74) dsl (36.27)      dpl (36.10)      del-u (35.97)
nl         smf (62.98) dnl (60.76)   mlt (58.95)      dde (48.49)   dhu-u (41.90)    dfi-uftb (39.70) dfi-u (37.89) dsv-u (36.32)    des (35.73)      dda-u (35.65)
pl         smf (81.22) mlt (81.13)   dpl (77.92)      dhr-u (66.42) dhr (64.33)      dsl (64.31)      dbg-u (63.57) did-u (61.17)    dit-u (60.94)    des (60.21)  
pt         mlt (76.64) smf (74.80)   dpt (69.89)      dit-u (69.48) dfr-u (66.12)    des (65.80)      dhe-u (65.32) did-u (64.16)    dca (63.39)      dhr-u (62.61)
ro         smf (85.27) mlt (83.41)   dro (79.74)      des (68.11)   dhr-u (67.01)    dla (66.75)      dhr (64.89)   des-u (64.74)    dfr-u (64.63)    dit-u (64.25)
ru         smf (72.88) mlt (70.39)   dru (66.86)      dhr-u (57.35) dhr (56.34)      dsk (55.01)      dpl (54.89)   dla (53.88)      dsl (53.74)      dcs-u (52.84)
sk         mlt (64.92) dhr-u (60.28) dhr (60.03)      dsk (59.47)   dsl (59.32)      smf (58.67)      dpl (54.39)   dcs-u (53.28)    dbg-u (52.72)    det (51.92)  
sl         smf (80.43) dsl (76.17)   mlt (76.16)      dhr (64.18)   dhr-u (62.92)    dfi-u (59.79)    dbg-u (58.52) dpl (57.31)      des (57.05)      dsk (56.66)  
sv-ud11    smf (80.49) mlt (79.88)   dsv-u (75.73)    dda-u (66.17) den-u (65.41)    dhr-u (64.76)    des (61.57)   dsl (60.52)      dhr (60.40)      dit-u (59.77)
ta         smf (79.59) mlt (76.07)   dta (75.62)      dhi (55.11)   dhu-u (49.88)    deu-u (49.58)    det (45.76)   dtr (44.70)      dfi-uftb (43.14) dja (42.19)  
te         smf (84.65) mlt (84.48)   dte (80.97)      dbn (70.96)   dja (63.11)      dtr (62.78)      dru (57.27)   dfi-uftb (54.60) dhr-u (52.09)    dbg-u (49.92)
tr         smf (80.15) mlt (76.01)   dtr (75.45)      dta (56.13)   dja (46.94)      dhu-u (45.96)    dhi (45.03)   dfi-uftb (41.88) dbn (41.68)      dte (39.78)  
