**********  MALT-ARC-EAGER  **********
trans            ar    bg    bn    cs    da    de    el    en    es    et     eu    fi    grc   hi   
000_orig         72.25 86.27 81.53 68.61 84.28 81.53 72.84 86.24 83.87  26.89 71.75 70.03 42.49 86.56
001_pdtstyle     72.17 79.00 81.03 66.53 75.70 71.62 72.38 79.39 79.08  48.63 60.07 64.76       81.90
trans_fMpPcBhLsN -1.64 -3.50 -7.14 -1.46 -3.83  1.11 -0.50 -0.36              -1.53             -0.22
trans_fMpPcBhRsN -1.93 -3.97 -6.77 -2.18 -4.94  0.23       -0.88 -0.91 -11.24 -1.67 -0.80       -4.30
trans_fPpBcHhRsH -0.41 -0.59 -1.72 -0.36 -1.71  2.86 -0.44 -0.90 -1.70   0.13 -3.18       42.60 -1.36
trans_fSpPcBhLsN -2.93 -4.16 -8.25 -2.83 -5.23 -0.41 -1.73       -1.28        -2.02             -0.38
trans_fSpPcBhRsN -3.12 -4.80 -6.89 -2.69 -6.29 -0.35 -0.36       -1.65        -2.33       44.09 -1.04

trans            hu    it    ja    la    nl    pt    ro    ru    sl    sv    ta    te    tr    better worse average
000_orig         76.06 83.14 89.55 44.92 75.09 85.39 86.21 73.31 71.53 88.22 71.39 87.10 72.75 22      0    75.91  
001_pdtstyle           76.26 77.06 42.37 70.01 77.84 86.52 84.36                   87.77 72.08 22      0    73.02  
trans_fMpPcBhLsN       -0.51 -0.31  2.32 -2.04 -0.70 -0.08  0.26 68.40 75.92        1.84 -0.18  4     14    -0.97  
trans_fMpPcBhRsN       -1.08 -0.10  1.86 -1.85       -0.50 -0.03 67.61 74.38 72.45 -0.33 -1.09  2     16    -2.12  
trans_fPpBcHhRsH       -0.83  0.02  0.27 -2.47 -2.30 -0.23       67.37 75.85 72.60  0.17 -0.73  4     15    -0.77  
trans_fSpPcBhLsN             -0.38  0.73 -2.96 -1.67 -0.31 -0.64             72.20  1.51 -0.24  2     16    -1.84  
trans_fSpPcBhRsN       -0.04  0.00  1.86 -2.06 -1.96        0.08 68.29 74.89 73.15 -0.33 -1.20  1     14    -1.84  

**********  MALT-STACK-LAZY  **********
trans        ar bg bn cs da de el en es et    eu fi grc hi
000_orig                                13.55             
001_pdtstyle                            54.88             

trans        hu it    ja la nl pt ro ru sl sv ta te tr better worse average
000_orig        85.24                                  2      0     49.39  
001_pdtstyle    78.94                                  2      0     66.91  

**********  MST  **********
trans            ar    bg    bn    cs    da    de    el    en    es    et    eu    fi grc   hi   
000_orig                                                                                         
001_pdtstyle     69.34 80.52 78.57 71.53 81.39             85.91 84.17       65.98          71.36
trans_fMpPcBhLsN  1.25 -3.08 -5.91 -1.00 -5.16 79.79 70.84                   -4.25          -0.61
trans_fMpPcBhRsN -0.23 -3.62 -4.06 -2.52 -6.05                   -2.90 47.45                -1.34
trans_fPpBcHhRsH -0.10 -0.42  1.60  1.37 -1.11       72.90             52.59                -0.48
trans_fSpPcBhLsN  1.25 -2.53 -4.43 -2.65 -5.30 79.01 69.19                                  -0.19
trans_fSpPcBhRsN -1.46 -5.16 -3.82 -4.00 -7.45 78.65 70.71       -3.83       -7.66    50.45 -2.11

trans            hu    it    ja    la    nl    pt    ro    ru    sl sv    ta    te    tr    better worse average
000_orig         80.42             56.30 83.83       88.30          87.15 69.38 86.77 78.26  5      0    78.69  
001_pdtstyle                       54.77 63.92       88.75 78.05                87.10 76.34 15      0    75.85  
trans_fMpPcBhLsN                         10.73       -1.59  0.96    76.11        0.00 -3.64  3      8    -1.02  
trans_fMpPcBhRsN       76.94       -3.01 11.35       -0.68                70.54 -1.84 -2.66  1     11    -1.46  
trans_fPpBcHhRsH                   -0.42             -0.04                72.10 -0.84 -0.56  2      6    -0.10  
trans_fSpPcBhLsN                   -4.97             -2.46                69.08 -1.00 -4.04  1      9    -2.63  
trans_fSpPcBhRsN             77.22 -7.08 10.46 79.43                74.03 70.09 -3.35 -4.10  1     11    -3.30  

**********  MST-PROJECTIVE  **********
trans            ar    bg    bn    cs    da    de    el    en    es    et    eu    fi    grc hi   
000_orig                                                                                          
001_pdtstyle     69.52 78.43 77.71 71.51 81.32 75.41 73.54 85.58                   68.53     71.03
trans_fMpPcBhLsN  0.11 -2.70 -5.91 -1.99 -5.35  1.21       -1.95                             -0.43
trans_fMpPcBhRsN -1.17 -3.57 -4.31 -3.81 -6.46  0.90                   45.84 60.48 -3.41          
trans_fPpBcHhRsH -0.20 -0.08  1.11  0.95 -1.96             -2.34 82.46 52.59 60.71           -0.36
trans_fSpPcBhLsN  0.50 -2.31 -5.54 -3.31 -6.39  0.21                                         -0.11
trans_fSpPcBhRsN -2.27 -4.65 -5.67 -5.57 -7.99  0.03 -3.49                   57.93           -2.17

trans            hu    it    ja    la    nl    pt    ro    ru    sl    sv    ta    te    tr    better worse average
000_orig         79.36                   79.28 87.66 87.61       74.85 86.67 70.94 87.27 76.49  4      0    82.67  
001_pdtstyle                 77.31       63.15 81.40                               86.77 74.58 15      0    75.72  
trans_fMpPcBhLsN                   45.06  7.04 -2.48       78.25 68.59 74.96       -1.18 -3.27  3      9    -1.41  
trans_fMpPcBhRsN       76.53       45.50  7.38             78.57 69.53 76.04 70.14 -1.18 -2.28  2      8    -1.79  
trans_fPpBcHhRsH                   49.09  7.97 -2.64             71.16 77.51 70.89 -0.17 -0.73  3      7     0.14  
trans_fSpPcBhLsN                   43.91  3.82 -3.47       77.01             69.73  0.50 -3.50  4      7    -1.78  
trans_fSpPcBhRsN                   41.34       -2.45       78.86 67.68 73.71 69.88 -3.35 -3.67  0     10    -3.75  

