**********  MALT-ARC-EAGER  **********
trans            ar    bg    bn    cs    da    de    el    en    es    eu    fi    grc   hi    hu   
000_orig         72.25 86.27 81.53 68.61 84.28 81.53 72.84 86.24 83.87 71.75 70.03 42.49 86.56 76.06
001_pdtstyle     72.17 78.99 81.03 68.88 75.07 74.91 72.36 79.33 79.07 60.05 64.76 43.37 81.90 71.50
trans_fMpPcBhLsN  0.64  0.40 -0.61  1.17  1.67  1.14  0.77  0.38  0.54  0.47  2.59  2.20  0.23 -0.04
trans_fMpPcBhMsN -0.02 -0.14 -0.49  0.38  0.68  0.42 -0.27 -0.16  0.18 -0.68  1.47  1.90 -0.00 -0.46
trans_fMpPcBhRsH  0.55  0.16  0.13 -0.55 -0.50  0.27  0.12 -0.16 -0.54  0.27  0.20  2.67  0.07 -0.72
trans_fMpPcBhRsN  0.37  0.25 -0.49 -0.48 -0.57  0.29  0.35 -0.11 -0.59  0.23  0.09  2.52 -0.04 -0.69
trans_fMpPcPhLsN  0.51  0.43 -0.36 -4.02  0.72  0.87  0.06  0.05 -0.76 -2.44  2.04  0.72  0.66 -0.72
trans_fMpPcPhRsN  0.25 -0.17 -0.49 -5.31 -0.41  0.27 -0.17 -0.33 -0.94 -2.72 -0.93 -0.09  0.05 -1.05
trans_fPpBcHhRsH -0.49 -0.53 -1.10 -2.45 -1.27 -0.46 -1.19 -0.97 -1.66 -2.78 -0.35 -1.28 -0.92 -0.82
trans_fPpBcHhRsN -0.57 -0.46 -0.86 -2.66 -0.98 -0.46 -1.04 -0.94 -1.63 -2.72 -0.17 -1.30 -0.99 -0.67
trans_fSpPcBhLsN -0.88  0.11 -0.36 -0.55  0.12  0.42 -1.02 -0.07 -0.52 -0.86  1.38  1.93 -0.17 -0.69
trans_fSpPcBhMsN -0.96 -0.26 -0.36 -0.72 -0.21 -0.22 -1.21 -0.46 -0.86 -1.58  0.75  2.44 -0.08 -0.64
trans_fSpPcBhRsH  1.09  0.87 -0.12  0.09 -0.00  0.32  0.41  0.50 -1.08 -0.51  0.48  1.53 -0.30 -0.46
trans_fSpPcBhRsN  1.02  0.87  0.50  0.40  0.05  0.38  0.29  0.43 -1.14 -0.72  0.53  2.00 -0.42 -0.42

trans            it    ja    la    nl    pt    ro    ru    sl    sv    ta    te    tr    better worse average
000_orig         83.14 89.55 44.92 75.09 85.39 86.21 13.30 71.53 88.22 71.39 87.10 72.75 26      0    74.34  
001_pdtstyle     76.24 77.06 42.26 69.99 77.83 86.52 84.36 68.45 76.33 72.75 87.77 72.06 26      0    72.88  
trans_fMpPcBhLsN  0.31 -0.05  4.49  0.45 -0.28 -0.16  0.49  1.71  0.38  1.01  2.51  0.20 21      3     0.87  
trans_fMpPcBhMsN -0.16  0.02  1.82 -0.73 -0.65 -0.04 -0.09  1.28 -0.43  1.16  2.18 -0.29 10     11     0.26  
trans_fMpPcBhRsH -0.38  0.00  2.89 -0.37 -0.87 -0.54 -0.41  0.88 -0.71  0.50  0.50 -0.27 12     12     0.12  
trans_fMpPcBhRsN -0.30 -0.02  4.35 -0.32 -1.06 -0.54 -0.50  0.94 -0.55  0.96  0.50 -0.25 10     13     0.17  
trans_fMpPcPhLsN -0.04 -0.02  1.17  0.31 -1.23 -0.54  0.92  0.83  0.56  1.16  1.84  0.02 14      7     0.11  
trans_fMpPcPhRsN -0.73 -0.07 -0.29 -0.97 -1.69 -0.95 -0.29  0.44 -0.43  1.61  1.68  0.15  6     17    -0.52  
trans_fPpBcHhRsH -0.83  0.02 -1.31 -1.74 -2.05 -0.27 -0.35 -1.31 -1.83 -0.40  0.34 -0.49  1     24    -1.02  
trans_fPpBcHhRsN -0.79  0.04 -1.50 -1.74 -2.07 -0.27 -0.18 -1.11 -2.13 -0.15  0.00 -0.38  0     24    -0.99  
trans_fSpPcBhLsN -0.06 -0.26  2.95 -1.41 -0.77 -0.54 -0.32  0.24 -1.37  0.15  2.18  0.02  9     14    -0.01  
trans_fSpPcBhMsN -0.47 -0.17  2.26 -2.24 -0.77 -0.99  0.49 -0.09 -1.49  1.26  1.51 -0.31  6     18    -0.21  
trans_fSpPcBhRsH  0.33  0.09  1.67 -0.61 -0.77 -0.00 -0.12  0.60 -0.68  1.16  0.67 -0.56 12     10     0.18  
trans_fSpPcBhRsN  0.29  0.09  1.40 -0.72 -1.04 -0.00  0.02  0.50 -1.12  1.56  0.67 -0.49 14      8     0.19  

**********  MST  **********
trans            ar    bg    bn    cs    da    de    el    en    es    eu    fi    grc   hi    hu   
000_orig         72.54 88.10 80.30 75.36 88.07 88.53 73.61 90.90 87.97 76.16 72.17 56.19 76.93 80.42
001_pdtstyle     69.32 80.52 78.57 75.02 81.22 82.91 74.10 85.75 84.17 65.96 69.01 55.07 71.36 76.10
trans_fMpPcBhLsN  1.66 -0.52 -0.49 -1.82 -0.82 -0.48 -0.02 -0.87 -0.89 -1.45 -1.67 -1.83  1.12 -1.47
trans_fMpPcBhMsN  0.76 -0.86  0.00 -2.94 -1.54 -0.99 -0.52 -1.35 -1.37 -2.68 -2.54 -1.18  1.75 -2.03
trans_fMpPcBhRsH  0.74  0.17  0.49 -1.33 -0.73        0.25 -0.94 -1.02 -1.85 -1.97 -0.61  0.92 -1.75
trans_fMpPcBhRsN  1.27  0.35 -0.61 -1.04 -0.34 -0.16 -0.08 -0.93 -1.01 -2.02 -1.95 -0.78  0.60 -1.73
trans_fMpPcPhLsN       -1.48  0.49 -8.21 -1.90 -0.83 -0.97 -1.48 -2.15 -4.70 -2.69 -2.52  1.82 -1.85
trans_fMpPcPhRsN  2.19  0.27 -0.49 -8.70 -0.94 -0.46 -0.97 -1.42 -2.04 -5.36 -2.67 -2.61  1.41 -2.56
trans_fPpBcHhRsH -0.27 -0.35  1.48 -3.09 -1.71 -0.45 -1.49 -1.04 -1.07 -2.25 -1.32 -1.36 -0.16 -1.59
trans_fPpBcHhRsN       -0.02  1.36 -3.09 -1.59 -0.57 -1.97 -1.20 -1.14 -2.78  0.39 -1.26  0.08 -1.66
trans_fSpPcBhLsN  0.98 -1.15  0.99 -4.47 -2.48 -1.03 -2.01 -1.80 -2.30 -2.93 -3.79 -1.87  1.42 -2.38
trans_fSpPcBhMsN  1.29 -2.06 -0.24 -5.06 -3.13 -1.67 -2.31 -2.17 -2.57 -3.69 -4.55 -2.24  1.76 -2.52
trans_fSpPcBhRsH  0.92 -0.44 -0.98 -2.81 -1.85 -0.72 -1.16       -1.49 -3.16 -2.45 -1.25  0.84 -1.82
trans_fSpPcBhRsN  0.86 -0.41  0.25 -2.58 -1.38 -0.82 -0.93 -1.46 -1.43 -3.51 -3.52 -1.41  0.60 -1.74

trans            it    ja    la    nl    pt    ro    ru    sl    sv    ta    te    tr    better worse average
000_orig               90.39 56.30 83.83 87.81 88.30       75.29 87.15 69.38 86.77 78.26 24      0    79.61  
001_pdtstyle           77.66 54.48 63.90 82.04 88.75 78.05 74.12 78.25 71.59 87.10 76.31 25      0    75.25  
trans_fMpPcBhLsN 78.41 -0.18  0.75 13.75 -0.89 -0.87  1.74 -1.29  0.04  0.36  0.84 -1.73  7     16     0.12  
trans_fMpPcBhMsN 78.10 -0.13 -0.15 13.06 -1.10 -0.08  0.41 -1.88 -0.74  0.26 -1.34 -1.04  5     18    -0.33  
trans_fMpPcBhRsH 78.18 -0.23  1.11 14.13 -0.55 -0.15  0.52 -1.60 -0.81 -0.55 -1.17 -1.04  8     16     0.08  
trans_fMpPcBhRsN 78.38  0.07  1.67 14.42       -0.15  0.58 -1.41 -0.65  0.20 -1.17 -0.95  7     15     0.17  
trans_fMpPcPhLsN 77.98  0.05 -4.82             -0.68       -2.60        0.10  0.00 -1.24  2     15    -1.78  
trans_fMpPcPhRsN 78.08 -0.27 -5.58 14.06 -1.40 -0.91       -2.37 -1.27  0.31 -0.67 -0.97  5     19    -0.98  
trans_fPpBcHhRsH 78.92  0.10 -0.69 13.72 -1.66  0.04  0.17 -1.26 -0.99  0.41 -0.67 -0.24  4     19    -0.23  
trans_fPpBcHhRsN 78.00  0.03 -1.30 13.38 -1.49  0.04  0.61 -1.69 -1.41 -0.05 -0.17 -0.97  4     15    -0.27  
trans_fSpPcBhLsN 77.18 -0.35 -1.61 10.87 -1.64 -1.14  1.30 -3.32 -2.10 -0.95 -0.17 -1.42  5     20    -0.93  
trans_fSpPcBhMsN 77.20 -0.41 -2.17 10.78 -1.74 -1.59  1.71 -3.65 -2.68 -0.45 -0.84 -1.33  4     21    -1.26  
trans_fSpPcBhRsH 77.96 -0.20 -1.00 13.11 -0.84  0.04  0.96 -2.48 -1.80  0.71 -0.84 -1.86  5     18    -0.44  
trans_fSpPcBhRsN 77.67 -0.13 -0.73 13.52 -1.06  0.04  1.22 -2.77 -1.68  0.26 -2.01 -1.88  6     18    -0.51  

