********** MST **********
trans            ar    bg    bn    cs    da    de    el    en    es    fi    hi    hu   
000_orig         77.46 88.10 80.30 80.99 88.07 88.85 77.54 89.83 87.97 71.52 77.24 80.65
001_pdtstyle     74.84 86.97 78.94 80.65 86.19 88.77 77.87 89.25 87.43 73.88       81.77
trans_fMhLsNcBpP -0.49 -1.10 -5.17  0.00 -0.65 -0.43 -0.08 -1.06 -0.59 -0.66 76.43 -0.75
trans_fMhMsNcBpP -0.57 -0.96 -5.17 -0.06 -0.91 -0.60 -0.40 -0.86 -0.69 -0.61 76.43 -0.89
trans_fMhRsNcBpP -0.98 -0.08 -5.17 -0.55 -0.51 -0.40  0.35 -1.20 -0.29 -0.57 76.43 -1.35
trans_fPhLsHcHpB -0.84 -0.49  0.00  0.15  0.03 -0.27  0.25 -0.68 -0.03 -0.33 79.01  0.00
trans_fPhMsHcHpB -0.72 -0.79  0.00  0.04  0.07 -0.38  0.29 -0.68 -0.03 -0.70 79.01  0.00
trans_fPhRsHcHpB -0.16 -0.22  0.00  0.36  0.03 -0.26 -0.10 -0.68 -0.03 -0.02 79.01      
trans_fShLsNcBpP  0.72 -1.30 -5.17 -1.69 -1.35 -0.59 -1.00 -1.26 -1.04 -2.12 76.43 -1.58
trans_fShMsNcBpP  0.49 -1.55 -5.17 -1.59 -1.67 -0.75 -1.10 -1.86 -0.95 -2.38 76.43 -1.65
trans_fShRsNcBpP -0.86 -0.12 -5.17  0.40 -1.18 -0.37  0.48 -1.64 -0.12 -0.09 76.43 -0.98

trans            it    nl    pt    ro    ru    sl    sv    ta    te    tr    better worse average
000_orig         85.24 83.99 87.92 89.09       79.14 87.00 78.58 88.11 81.48 20      0    83.59  
001_pdtstyle     83.87 82.92 86.60 88.48 78.25 80.14 82.73 77.38 86.43 79.35 21      0    82.51  
trans_fMhLsNcBpP  0.29 -1.58 -0.68 -0.42  3.76 -0.83  0.72 -0.80 -4.19 -0.89  3     16    -0.78  
trans_fMhMsNcBpP -0.39 -1.93 -0.89 -0.04  3.04 -0.59  0.87 -0.70 -4.19 -1.40  2     17    -0.85  
trans_fMhRsNcBpP -0.27 -2.33 -0.87  0.30  3.27        0.85 -2.06 -4.19 -0.84  4     15    -0.84  
trans_fPhLsHcHpB  0.10 -0.14  0.14  0.00  0.23 -0.33 -0.21 -0.40  0.00 -0.38  4     10    -0.19  
trans_fPhMsHcHpB -0.10 -0.14  0.14  0.00  0.23  0.33        0.55  0.00 -0.38  5      7    -0.14  
trans_fPhRsHcHpB  0.18 -0.18  0.14  0.00  0.23 -0.49  0.97  0.30  0.00 -0.38  6      8    -0.02  
trans_fShLsNcBpP -0.16 -1.54 -0.63 -0.38  3.38 -2.19 -0.23  0.25 -4.19 -0.35  3     18    -1.07  
trans_fShMsNcBpP -0.35 -1.99 -0.09 -0.15  3.56 -1.55       -0.45 -4.19 -0.04  2     16    -1.17  
trans_fShRsNcBpP -0.12 -1.36 -0.99 -0.30                   -1.26 -4.19 -0.58  2     15    -1.02  

********** MST-PROJECTIVE **********
trans            ar    bg    bn    cs    da    de    el     en    es    fi    hi    hu   
000_orig         77.50 88.61 78.45 80.97 87.87 87.13  78.29 89.81 88.59 71.59 76.74 79.60
001_pdtstyle     74.51 84.06 78.45 80.04 85.59 85.66  76.89 89.33 87.51 74.38 78.12 80.53
trans_fMhLsNcBpP -0.18  0.07 -5.42 -0.40 -0.53 -0.22 -76.89 -1.18 -0.47 -0.42 -2.44 -1.09
trans_fMhMsNcBpP -0.70 -0.05 -5.42 -0.66 -0.79 -0.27  -0.56       -0.61 -1.27 -2.44 -0.83
trans_fMhRsNcBpP -0.68  1.99 -5.42 -0.61 -0.99  0.00   0.56 -1.66 -0.39 -1.40 -2.44 -0.35
trans_fPhLsHcHpB -0.35  0.29  0.00 -0.15 -0.26 -0.02   0.40 -1.16 -0.05 -0.81  0.00 -0.01
trans_fPhMsHcHpB -0.29  0.00  0.00 -0.13  0.21 -0.10   0.37 -1.16 -0.05 -1.55  0.00 -0.01
trans_fPhRsHcHpB -0.20  0.83  0.00  0.08 -0.27  0.00   0.65 -1.16 -0.05  0.00  0.00      
trans_fShLsNcBpP  0.72 -0.05 -5.42 -1.31 -1.52 -0.52  -0.21 -1.66 -0.95 -2.62 -2.45 -1.97
trans_fShMsNcBpP  0.45 -0.19 -5.42 -1.21 -1.86 -0.63  -1.12 -2.34 -1.20 -2.29 -2.45 -1.99
trans_fShRsNcBpP -0.94  1.25 -5.42  0.04 -1.69  0.12   0.65 -1.94 -0.36 -1.73 -2.45 -0.68

trans            it    nl    pt    ro    ru    sl    sv    ta    te    tr    better worse average
000_orig         85.58 79.77 87.30 87.95       79.39 87.06 77.48 87.27 79.68 21      0    82.70  
001_pdtstyle     84.16 78.59 85.96 88.26 77.39 77.39 83.22 76.62 86.93 77.02 22      0    81.39  
trans_fMhLsNcBpP  0.06 -0.45 -0.39 -0.15  3.53 -0.86  0.12  0.96 -4.52 -1.71  3     17    -4.21  
trans_fMhMsNcBpP -0.24 -1.29 -0.48 -0.19  2.52 -0.69 -0.32 -0.45 -4.52 -0.93  1     19    -0.96  
trans_fMhRsNcBpP -0.55 -1.07       -0.04  3.15       -0.72  0.96 -4.52 -1.31  4     14    -0.82  
trans_fPhLsHcHpB -0.71 -0.20 -0.48  0.00  0.23 -0.22 -0.88 -0.35  0.00 -0.11  3     12    -0.27  
trans_fPhMsHcHpB -0.20 -0.25 -0.48  0.00  0.23  0.08       -1.21  0.00 -0.11  3     10    -0.29  
trans_fPhRsHcHpB -0.24  0.13 -0.48  0.00  0.23 -0.06 -0.04  0.60  0.00 -0.11  5      6    -0.00  
trans_fShLsNcBpP -0.20 -1.15 -0.44 -0.53  3.61 -2.35 -1.43  2.61 -4.52 -1.09  3     18    -1.07  
trans_fShMsNcBpP -0.71 -1.84 -0.75 -0.76  3.79 -2.08        0.25 -4.52 -1.22  3     18    -1.34  
trans_fShRsNcBpP -0.26 -0.75 -0.84  0.11                    0.05 -4.52 -1.33  4     13    -1.09  

********** MALT-ARC-EAGER **********
trans            ar    bg    bn    cs    da    de    el    en    es    fi     hi    hu    
000_orig         78.06 86.23 81.53 74.49 84.33 82.20 77.04 83.01 83.85  70.65 89.01  75.69
001_pdtstyle     77.95 85.29 81.53 75.17 80.14 81.66 76.56 82.85 82.28  72.26 89.96  77.40
trans_fMhLsNcBpP  0.96  1.25 -5.67  0.59  1.98  0.98  1.89  1.56  1.66   1.75 -5.22   0.93
trans_fMhMsNcBpP  0.80  0.99 -5.67  1.23  2.10  0.62  1.67  1.80  1.75   1.92 -5.22   0.53
trans_fMhRsNcBpP -1.76 -0.12 -5.67 -1.19 -0.92  0.16 -0.42 -0.04 -1.42  -0.41 -5.22  -0.95
trans_fPhLsHcHpB -0.70 -0.99  0.00 -1.31  0.38 -0.06 -0.27 -0.26 -0.09 -72.26  0.00   0.00
trans_fPhMsHcHpB -0.70 -0.99  0.00 -1.08  0.38 -0.16 -0.08 -0.26 -0.09  -0.13  0.00   0.00
trans_fPhRsHcHpB -0.76 -0.07  0.00 -0.23  0.51 -0.02  0.12 -0.26 -0.09   0.00  0.00 -66.78
trans_fShLsNcBpP  0.98  1.42 -5.67  0.93  1.85  0.50  1.56  1.70  1.47   1.88 -5.20   0.97
trans_fShMsNcBpP  1.09  1.04 -5.67  1.06  1.73  0.31  1.33  1.44  1.39   1.66 -5.20   0.74
trans_fShRsNcBpP  0.39  0.62 -5.67  0.42 -0.10  0.37  0.96  0.48  0.33  -0.44 -5.20   0.11

trans            it    nl    pt    ro    ru     sl     sv     ta    te    tr    better worse average
000_orig         82.99 76.45 82.80 86.48  14.89  74.30  84.48 78.73 88.78 80.10 22      0    78.01  
001_pdtstyle     81.97 75.26 82.53 86.33  84.59  73.77  81.70 78.63 88.27 77.15 22      0    80.60  
trans_fMhLsNcBpP  0.75  0.05  0.20  0.30   2.66   1.53   1.38  1.16 -3.69  0.49 18      3     0.34  
trans_fMhMsNcBpP  0.53 -0.14  0.14  0.34   2.57   1.28   1.61 -0.25 -3.69 -0.13 16      6     0.22  
trans_fMhRsNcBpP  0.02 -0.77 -1.62 -0.83   0.58 -61.02   0.11 -0.05 -3.69 -0.07  3     15    -3.88  
trans_fPhLsHcHpB -0.10 -0.18 -0.09  0.00   0.06   0.58  -1.20 -0.90  0.00  0.13  3      9    -4.55  
trans_fPhMsHcHpB -0.02 -0.34 -0.09  0.00   0.06   0.69 -68.94 -0.20  0.00  0.13  3      9    -4.22  
trans_fPhRsHcHpB  0.08 -0.29 -0.09  0.00   0.06   0.09  -0.09 -0.20  0.00  0.13  3      6    -3.99  
trans_fShLsNcBpP  0.90 -0.09  0.55  0.27   2.54   1.44   1.34  0.75 -3.69  0.18 18      3     0.30  
trans_fShMsNcBpP  0.49 -0.02  0.55  0.00   2.28   1.35 -68.94  1.71 -3.69  1.46 16      4    -3.04  
trans_fShRsNcBpP  0.37 -0.07 -0.61 -0.15 -72.96 -61.02 -68.94  1.61 -3.69  1.31 11     10    -9.63  

********** MALT-STACK-LAZY **********
trans            ar    bg    bn    cs    da    de     el     en    es    fi    hi    hu    
000_orig         16.94  6.71 31.16 15.01 11.41   6.67   6.20  9.37 25.72 15.98 20.15  11.40
001_pdtstyle     84.84 89.91 86.21 83.76 85.71  86.99  81.60 81.11 88.94 78.62 95.03  82.84
trans_fMhLsNcBpP -2.30  0.24 -5.30 -0.15  0.05 -75.15   0.19  0.36 -0.38  0.22 -6.22  -0.10
trans_fMhMsNcBpP -2.13  0.12 -5.30 -0.74 -0.09 -75.15 -73.50  0.90 -0.68 -0.39 -6.44   0.11
trans_fMhRsNcBpP -2.38 -0.34 -5.30  0.06 -0.77 -75.15  -0.31  0.70 -0.86 -0.02 -6.22   0.18
trans_fPhLsHcHpB -1.99 -0.66  0.00 -0.59  0.00 -75.15  -1.19  1.22  0.13  1.01  0.00  -0.03
trans_fPhMsHcHpB -1.66 -0.71  0.00  1.02  0.00 -75.15  -0.48  1.22  0.13  0.85  0.00  -0.03
trans_fPhRsHcHpB -1.66  0.17  0.00  0.36  0.48 -75.15  -0.04  1.22  0.13 -0.11  0.00 -72.22
trans_fShLsNcBpP -1.89  0.34 -5.30 -0.61 -0.56 -75.15  -0.56 -0.02 -0.57 -0.42 -6.16  -1.06
trans_fShMsNcBpP -2.03 -0.24 -5.30 -0.78 -0.50 -75.15  -1.21 -0.46 -0.84 -0.02 -6.16  -0.48
trans_fShRsNcBpP -2.17 -5.07 -5.30 -0.55 -0.55 -75.15   0.00  1.42 -0.75  0.00 -6.21  -0.44

trans            it    nl     pt    ro     ru     sl     sv     ta    te    tr    better worse average
000_orig          0.06  15.22  8.08  46.10  12.29  13.29   9.23  9.45  3.02 24.40 21      0     14.45 
001_pdtstyle     83.58  81.43 88.46  86.29  86.93  80.85  83.45 78.93 92.13 82.27 22      0     84.99 
trans_fMhLsNcBpP  0.84  -1.88 -1.38 -26.06   0.03  -0.85   0.07  1.61 -4.36 -0.11  6     12     -5.48 
trans_fMhMsNcBpP  0.04  -1.27 -1.59 -26.14   0.61  -0.31  -0.25  1.36 -4.36 -0.40  5     15     -8.89 
trans_fMhRsNcBpP -0.10  -1.81 -1.69 -26.55   0.09 -68.09  -0.30  0.60 -4.36 -0.40  3     15     -8.77 
trans_fPhLsHcHpB  0.10  -0.21 -0.68   0.00   0.52  -0.45  -0.99 -0.65  0.00  0.31  5     10     -4.66 
trans_fPhMsHcHpB -0.10  -0.59 -0.68   0.00   0.52  -1.05 -70.69  0.00  0.00  0.31  6      8     -9.19 
trans_fPhRsHcHpB -0.14  -0.23 -0.68   0.00   0.52  -0.61  -0.37  0.15  0.00  0.31  8      9     -8.22 
trans_fShLsNcBpP -0.22  -2.29 -1.47 -26.25  -0.06  -0.55  -0.92  1.61 -4.36  0.04  2     17     -5.75 
trans_fShMsNcBpP -0.02  -2.74 -1.28 -26.36   0.12  -1.35 -70.69  0.65 -4.36 -0.60  2     18     -9.08 
trans_fShRsNcBpP -0.39 -14.13 -1.40 -26.17 -75.30 -68.09 -70.69  0.85 -4.36 -0.31  2     18    -17.74 

