trans                               ar    bg     bn    ca     cs    da    de    el    en     es     et    eu    fi    grc   hi    hu     is
000_orig                            73.93  88.89 80.79  90.09 71.59 85.39 82.85 74.29  88.01  86.95 26.89 72.86 73.36       86.80  76.06   
001_pdtstyle                        73.75  77.15 80.17  88.82 71.38 75.12 74.36 74.06  81.69  81.35 25.17 62.83 68.81 43.79 82.49  72.81   
trans_AllPunctBelowTechRoot         -5.89 -11.83 -4.18 -11.93 -9.08 -8.13 -7.96 -3.54 -14.54 -13.88  0.45 -9.21 -6.47 -3.75 -3.50 -11.54   
trans_ComplexVerbRootFirst           0.00   0.05  0.25  -0.88  0.87 -0.00  0.00 -0.43  -0.02  -0.31  0.13 -0.14  0.46  0.07 -0.06   0.27   
trans_ComplexVerbRootLast            0.00  -0.04  0.00  -0.38  0.15 -0.00  0.00  0.27  -0.06   0.07  1.15  1.19 -0.13 -0.00  0.71   0.13   
trans_CoordChainRootFirst            4.59   5.81  0.99  -0.04  4.89  4.31  3.89  4.90   1.68   2.39  0.98 -0.75  1.35  8.03  1.13   0.20   
trans_CoordChainRootLast             0.20   3.67  0.37         1.19  1.96  2.33  0.79  -0.00  -0.40  3.27  0.36 -0.98  5.60  1.32  -0.75   
trans_CoordTreeRootFirst             4.37   5.63  0.74  -0.00  5.17  4.32  3.61  4.19   1.61   2.38  1.19 -0.81  1.37  8.20  1.02   0.20   
trans_CoordTreeRootLast             -0.35   3.54  0.86   0.20  1.50  2.14  2.35  0.61   0.07  -0.44  1.51  0.30 -0.75  4.62  1.44  -0.75   
trans_FirstNameUpward                0.00  -0.00  0.00  -0.00  0.00 -0.00  0.00  0.00  -0.00  -0.00  0.00 -0.00  0.00 -0.00  0.00  -0.00   
trans_PrepositionDownward           -1.62  -1.01  0.00  -2.38  0.08 -0.10  0.24 -0.66  -1.27  -2.59  3.72 -0.00 -1.44  0.81  0.20  -0.08                                            
trans_SharedModifBelowNearestMember  0.35   2.44 -0.12  -0.00  0.59  0.99  1.41  0.88  -0.11   0.34  0.78 -0.03 -1.12 -0.17 -0.11  -1.30                                            
trans_SubordConjDownward            -0.47  -0.14  0.00  -0.00  0.21 -0.51  0.55 -0.62  -0.54  -0.16  1.02  0.09 -0.40  0.50  0.00   0.09                                            
                                                                                                                                                                                    
trans                               it    ja    la     nl    pt    ro    ru    sl     sv    ta    te    tr     zh better worse average                                              
000_orig                            83.14 89.55  74.92 75.09 85.39 86.21 73.31  71.53 88.22 72.80 87.10  72.75    26      0    78.10                                                
001_pdtstyle                        75.86 76.85  73.84 70.49 79.19 85.49 85.80  70.09       72.40 88.44  71.37    27      0    73.47                                                
trans_AllPunctBelowTechRoot         -8.89  0.04 -15.06 -7.39 -9.70  0.00 -0.20 -11.15       -3.52 -1.17 -42.61     2     24    -8.32                                                
trans_ComplexVerbRootFirst          -0.25  0.00   0.31  0.00 -0.00  0.27  0.00  -0.76        0.15  0.17   0.00    11      8     0.01                                                
trans_ComplexVerbRootLast            0.00  0.00   0.37  0.00 -0.00  0.19  0.00  -0.34        1.36  0.00   0.00    10      5     0.17                                                
trans_CoordChainRootFirst            2.61 -0.02   4.49  1.33  1.69  0.84  2.26   4.20       -0.00  1.34  -0.31    22      4     2.33                                                
trans_CoordChainRootLast             0.67  0.53   1.96 -0.43 -0.79 -0.07 -0.11   1.16        2.66  2.18   0.84    18      7     1.06                                                
trans_CoordTreeRootFirst             2.34 -0.02   4.09  0.63  1.52  0.65  2.00   4.12       -0.45  1.51  -0.29    22      4     2.20                                                
trans_CoordTreeRootLast              0.42  0.53   0.85 -0.62 -0.68  0.00 -0.61   0.24        2.66  2.35   0.73    19      7     0.84                                                
trans_FirstNameUpward                0.00  0.00  -0.00  0.00 -0.00  0.00  0.00   0.00       -0.00  0.00   0.00     0      0     0.00                                                
trans_PrepositionDownward           -6.26  0.02   0.87 -0.93 -3.48  0.53 -0.81  -0.61       -0.81  0.00   0.00     8     15    -0.65                                                
trans_SharedModifBelowNearestMember -0.47 -0.07   0.52 -0.52 -0.05  0.00  0.17  -0.36        0.10 -0.17   0.07    12     13     0.15                                                
trans_SubordConjDownward            -1.59  0.26   1.06 -0.36  0.15  0.00 -1.88  -0.17       -0.00  0.00  -0.33     9     12    -0.12                                                
                                                                                                                                                                                    
./print_table.pl --mcd ar bg bn ca cs da de el en es et eu fi grc hi hu is it ja la nl pt ro ru sl sv ta te tr zh
trans                               ar    bg    bn    ca    cs    da    de    el    en    es    et    eu    fi    grc   hi    hu    is
000_orig                            71.98 88.15 79.43       75.36 88.07       73.92 91.16 88.10 46.72 76.28 71.72 56.09 76.93 80.42   
001_pdtstyle                        72.42 76.78 78.82 91.27 75.47 80.30 81.84 74.19 86.05 84.35 39.94 66.79 69.09 56.09 73.18 77.21   
trans_AllPunctBelowTechRoot         -4.62 -8.18 -4.31 -8.46 -7.22 -7.23 -4.72 -2.42 -7.28 -8.69  1.55 -5.94 -4.32 -2.94 -1.92 -7.94   
trans_ComplexVerbRootFirst           0.00  0.18 -0.99  0.14  0.02 -0.00  0.00 -0.15  0.11  0.48 -3.22 -0.35  2.06 -0.06  0.23 -0.28   
trans_ComplexVerbRootLast            0.00  0.13 -0.25  0.16 -0.22 -0.00  0.00  0.02        0.02 -4.89 -0.09  0.26  0.22  0.43 -0.25   
trans_CoordChainRootFirst            0.80  5.42  1.11  0.10  3.17  2.27  2.50  3.08  0.07  1.38  0.13 -1.41 -0.15  4.66  3.10 -1.30   
trans_CoordChainRootLast            -0.70  4.41  0.49        0.74  1.57  1.80  1.52 -0.33 -0.30  1.92 -0.60 -0.50  5.25  1.65 -2.06   
trans_CoordTreeRootFirst             0.28  4.77  1.72  0.26  2.87  2.01  2.42  2.75  0.08  1.24  0.00 -1.16  0.38  4.61  2.55 -1.30   
trans_CoordTreeRootLast             -0.91  3.54  1.72  0.22  0.82  1.23  1.63  1.14 -0.41 -0.59  3.19 -0.63 -0.24  5.11  1.38 -2.06   
trans_FirstNameUpward                0.00 -0.00 -0.00 -0.00 -0.00 -0.00  0.00 -0.00 -0.00 -0.00  0.00 -0.00 -0.00  0.00 -0.00 -0.00   
trans_PrepositionDownward           -1.81  0.25 -0.00 -2.47 -0.45 -0.14 -0.90  0.14 -1.46 -2.62 -2.40 -0.00 -0.52  0.17  0.33 -0.22   
trans_SharedModifBelowNearestMember -0.44  3.37 -0.00 -0.00  0.57  0.85  1.66  0.85 -0.25  0.31 -1.83 -0.80 -0.21 -0.13  0.21 -0.36   
trans_SubordConjDownward            -3.14 -0.10 -0.00 -0.00 -0.49 -0.91  0.10  0.48 -0.69 -0.20  1.10 -0.44 -0.19  0.49 -0.00 -0.33   

trans                               it    ja    la     nl    pt    ro    ru    sl    sv    ta    te    tr     zh better worse average
000_orig                            84.97 90.39  98.77 83.83 87.81 88.30       75.29 87.15 71.34 86.77  78.26    24      0    79.59  
001_pdtstyle                        78.77 77.57  98.71 79.00 82.14 88.60 81.55 73.99       72.75 85.76  76.76    27      0    77.01  
trans_AllPunctBelowTechRoot         -7.32 -0.00 -11.95 -5.54 -6.10 -0.00  0.61 -8.56       -1.86  1.01 -25.60     3     22    -5.55  
trans_ComplexVerbRootFirst           0.84 -0.00   0.04 -0.00 -0.00 -0.04  0.00  0.38       -0.10  1.84  -0.00    11      8     0.04  
trans_ComplexVerbRootLast           -0.00 -0.00  -0.03 -0.00 -0.00  0.30  0.00 -0.03        0.45  0.00  -0.00     9      7    -0.15  
trans_CoordChainRootFirst            1.33 -0.33   0.27  0.89  1.53  0.42  1.30  3.27       -1.41  1.34  -0.74    21      6     1.21  
trans_CoordChainRootLast            -0.12  0.35   0.50 -0.49 -0.04 -0.80 -0.12  1.71        1.31  2.85   1.15    15     11     0.81  
trans_CoordTreeRootFirst             1.06 -0.33   0.56  0.19  1.58  0.57  0.17  2.80       -1.26  2.18  -0.74    21      5     1.12  
trans_CoordTreeRootLast              0.08  0.35   0.12 -0.41 -0.29 -0.57 -0.52  1.13        0.91  2.51   0.53    17     10     0.70  
trans_FirstNameUpward               -0.00 -0.00  -0.00 -0.00 -0.00 -0.00  0.00  0.00        0.00  0.00  -0.00     0      0     0.00  
trans_PrepositionDownward           -5.99 -0.28  -0.17 -2.13 -3.33 -1.90        0.24       -0.50  0.00  -0.87     5     18    -1.04  
trans_SharedModifBelowNearestMember -0.43  0.03  -0.09 -0.20  0.34 -0.00  0.20  1.16       -1.46  1.68  -0.03    12     12     0.19  
trans_SubordConjDownward            -1.49 -0.14   0.16 -0.38 -0.05 -0.00 -2.89 -0.39       -1.51  0.00  -0.82     5     17    -0.44  

./print_table.pl --mcdproj ar bg bn ca cs da de el en es et eu fi grc hi hu is it ja la nl pt ro ru sl sv ta te tr zh
trans                               ar    bg     bn    ca     cs     da     de     el    en     es     et    eu     fi    grc   hi    hu     is
000_orig                            71.45  88.41 77.34  91.95  74.79  87.63  86.90 73.11         88.75 46.72  75.69 72.77       75.99  79.36   
001_pdtstyle                        71.80  75.67 77.22  91.53  74.62  79.65  78.65 73.54  85.81  84.46 39.94  65.23 68.94 48.43 72.52  75.01   
trans_AllPunctBelowTechRoot         -7.49 -16.35 -3.94 -15.11 -14.40 -15.11 -10.23 -6.78 -17.74 -17.89  1.55 -13.27 -8.87 -5.72 -3.35 -16.47   
trans_ComplexVerbRootFirst          -0.00   0.64 -0.25  -0.02   0.51  -0.00  -0.00 -0.98   0.13   0.44 -3.22  -0.12  1.44 -0.25  0.24   0.34   
trans_ComplexVerbRootLast           -0.00  -0.32  0.61  -0.22  -0.32  -0.00  -0.00  0.17   0.01  -0.01 -4.89   1.07 -0.55 -0.44  0.47  -0.16   
trans_CoordChainRootFirst            1.39   4.90  1.97   0.32   3.00   2.01   2.46  3.25   0.34   1.30  0.13  -0.87  0.35  6.34  2.72  -1.24   
trans_CoordChainRootLast            -0.20   3.53  1.60          1.71   1.64   1.92  1.63  -0.14   0.01  1.92   0.07 -0.44  5.31  1.77  -1.33   
trans_CoordTreeRootFirst             0.47   4.85  1.23   0.26   3.36   1.98   2.28  2.75   0.16   1.28  0.00  -1.04 -0.35  6.64  2.16  -1.24   
trans_CoordTreeRootLast             -0.04   3.64  1.72   0.20   0.68   1.64   1.74  1.38  -0.20  -0.24  3.19   0.30 -0.18  4.17  1.57  -1.33   
trans_FirstNameUpward               -0.00  -0.00 -0.00  -0.00  -0.00  -0.00  -0.00  0.00  -0.00         0.00  -0.00  0.00 -0.00 -0.00   0.00   
trans_PrepositionDownward           -1.31   0.28 -0.00  -2.69  -0.91  -0.22   0.12 -0.02  -1.21  -2.53 -2.40  -0.00 -0.65 -0.05 -0.02  -0.36   
trans_SharedModifBelowNearestMember  0.02   2.35  0.74  -0.00  -0.09   0.27   1.14  0.21  -0.02   0.22 -1.83  -0.75 -1.51  0.18  0.10          
trans_SubordConjDownward            -3.42   1.36 -0.00  -0.00   0.38  -0.24   0.64 -0.29  -0.62   0.10  1.10  -0.25 -0.22 -0.05 -0.00          

trans                               it     ja    la     nl    pt     ro    ru    sl     sv    ta    te    tr     zh better worse average
000_orig                             85.09 90.28  78.56 79.28  87.66 87.61        74.85 86.67 72.75 87.27  76.49    24      0     79.61 
001_pdtstyle                         79.32 77.15  78.39 73.70  81.54 88.37 80.36  72.72       72.75 86.26  74.65    27      0     75.12 
trans_AllPunctBelowTechRoot         -12.40  0.33 -25.25 -8.58 -12.73  0.00 -0.17 -15.71       -5.68 -0.83 -43.32     2     24    -10.94 
trans_ComplexVerbRootFirst            0.39 -0.00  -0.09 -0.00   0.00  0.57  0.00  -1.17       -1.31  0.00   0.00     9      9     -0.10 
trans_ComplexVerbRootLast            -0.00 -0.00  -0.52 -0.00   0.00  0.27  0.00   0.07        0.25  0.00   0.00     8      9     -0.17 
trans_CoordChainRootFirst             1.35  0.10   2.42  1.68   1.60  0.27  0.73   2.80       -0.35  1.85  -1.15    23      4      1.47 
trans_CoordChainRootLast             -0.28  0.72   2.71  0.48  -0.17 -1.02 -0.20   1.35        0.30  1.68   1.77    18      8      1.01 
trans_CoordTreeRootFirst              0.82  0.10   2.44  0.77   1.64  0.00  1.10   2.23       -1.46  1.51  -1.08    20      5      1.22 
trans_CoordTreeRootLast              -0.32  0.72   2.38  0.18   0.05 -0.76 -0.55   0.91        1.51  2.68   1.97    19      8      1.00 
trans_FirstNameUpward                -0.00 -0.00  -0.00 -0.00   0.00  0.00  0.00   0.00        0.00  0.00   0.00     0      0      0.00 
trans_PrepositionDownward            -6.22 -0.14   1.52  0.25  -3.29 -2.23        -0.83       -2.41  0.00  -0.46     4     19     -0.99 
trans_SharedModifBelowNearestMember  -0.91  0.10  -1.34  0.36   0.48  0.00  0.41   0.10       -1.41  0.34  -0.18    15      9     -0.04 
trans_SubordConjDownward             -2.44  0.54   1.50 -0.38  -0.31  0.00 -2.92  -0.83       -2.26  0.00  -0.26     7     14     -0.34 

