********** MST **********
trans            ar    bg    bn    cs    da    de    el    en    es    fi    hi    hu   
000_orig         77.46 88.10 80.30 80.99 88.07 88.85 77.54 89.83 87.97 71.52 77.24 80.65
001_pdtstyle     74.84 86.97 78.94 80.65 86.19 88.77 77.87 89.25 87.43 73.88       81.77
trans_fMhLsNcBpP  2.24  0.83  0.00  2.48  0.94  0.74  2.29 -0.12  1.19  0.79 79.01 -0.27
trans_fMhMsNcBpP  2.36  0.57  0.00  1.78  0.34  0.25  1.50 -0.46  0.76  0.57 79.01 -0.41
trans_fMhRsNcBpP -0.12  0.84  0.00  1.08  0.43  0.27  1.75 -0.20  0.27  0.72 79.01 -0.59
trans_fPhLsHcHpB -0.41 -0.30  0.00  0.13  0.14  0.00  0.75 -0.12 -0.01 -0.09 79.01  0.00
trans_fPhMsHcHpB -0.25 -0.72  0.00 -0.04  0.24 -0.14  0.73 -0.12 -0.01 -0.42 79.01  0.00
trans_fPhRsHcHpB -0.39  0.02  0.00  0.44  0.10 -0.12 -0.02 -0.12 -0.01  0.00 79.01      
trans_fShLsNcBpP  3.71  0.56  0.00  0.93  0.02  0.32  0.54 -0.42  0.10 -0.63 79.01 -0.63
trans_fShMsNcBpP  3.55 -0.05  0.00 -0.19 -0.50 -0.14  0.04 -1.68 -0.02 -0.79 79.01 -0.93
trans_fShRsNcBpP  0.10  0.37  0.00  1.23 -0.32  0.20  2.02 -0.88  0.13  0.55 79.01 -0.63

trans            it    nl    pt    ro    ru    sl    sv    ta    te    tr    better worse average
000_orig         85.24 83.99 87.92 89.09       79.14 87.00 78.58 88.11 81.48 20     0     83.59  
001_pdtstyle     83.87 82.92 86.60 88.48 78.25 80.14 82.73 77.38 86.43 79.35 21     0     82.51  
trans_fMhLsNcBpP  1.84  1.49  0.80  0.27  3.88  0.89  3.13  0.00  0.00 -0.18 15     3      1.29  
trans_fMhMsNcBpP  1.20  1.02  0.37  0.45  3.04  1.14  3.11  0.85  0.00  1.11 17     2      1.03  
trans_fMhRsNcBpP  0.65 -0.25 -0.19  0.42  1.53        2.46 -0.25  0.00  1.66 12     6      0.58  
trans_fPhLsHcHpB  0.49  0.00  0.14  0.00  0.23 -0.08  0.44 -0.15  0.00 -0.07  7     4      0.07  
trans_fPhMsHcHpB  0.27 -0.07  0.14  0.00  0.23  0.53        0.75  0.00 -0.07  7     5      0.06  
trans_fPhRsHcHpB  0.37 -0.09  0.14  0.00  0.23 -0.25  1.03  0.45  0.00 -0.07  7     4      0.11  
trans_fShLsNcBpP  1.04 -0.59  0.17 -0.04  3.35 -0.36  1.93  0.65  0.00  0.13 12     5      0.57  
trans_fShMsNcBpP  0.82 -1.02  0.49  0.04  3.15  0.16        1.41  0.00  1.44  7     7      0.32  
trans_fShRsNcBpP  0.55  0.32 -0.56 -0.30                    0.45  0.00  1.13 10     5      0.27  

********** MST-PROJECTIVE **********
trans            ar    bg    bn    cs    da    de    el     en    es    fi    hi    hu   
000_orig         77.50 88.61 78.45 80.97 87.87 87.13  78.29 89.81 88.59 71.59 76.74 79.60
001_pdtstyle     74.51 84.06 78.45 80.04 85.59 85.66  76.89 89.33 87.51 74.38 78.12 80.53
trans_fMhLsNcBpP  2.69  1.72  0.00  2.07  1.09  1.04 -76.89 -0.38  1.27  0.55  0.00 -0.42
trans_fMhMsNcBpP  2.19  1.40  0.00  0.91  0.41  0.41   1.27        0.74  0.09  0.00 -0.25
trans_fMhRsNcBpP  0.06  2.58  0.00  0.66 -0.27  0.57   2.27 -0.86  0.15 -0.33  0.00  0.10
trans_fPhLsHcHpB  0.20  0.37  0.00 -0.13  0.15  0.24   0.94 -0.54 -0.02 -0.53  0.00  0.00
trans_fPhMsHcHpB  0.08  0.08  0.00 -0.13  0.32  0.13   0.87 -0.54 -0.02 -1.31  0.00  0.00
trans_fPhRsHcHpB -0.41  0.84  0.00  0.21 -0.21  0.10   0.75 -0.54 -0.02  0.00  0.00      
trans_fShLsNcBpP  3.75  1.60  0.00  0.72 -0.31  0.46   1.10 -0.60  0.14 -1.12  0.00 -0.99
trans_fShMsNcBpP  3.67  1.11  0.00  0.02 -0.67  0.01   0.15 -1.92 -0.37 -0.88  0.00 -1.03
trans_fShRsNcBpP  0.10  1.62  0.00  0.17 -0.99  0.62   1.60 -1.28 -0.07 -1.01  0.00 -0.29

trans            it    nl    pt    ro    ru    sl    sv    ta    te    tr    better worse average
000_orig         85.58 79.77 87.30 87.95       79.39 87.06 77.48 87.27 79.68 21     0     82.70  
001_pdtstyle     84.16 78.59 85.96 88.26 77.39 77.39 83.22 76.62 86.93 77.02 22     0     81.39  
trans_fMhLsNcBpP  1.71  2.11  0.87  0.45  3.53  0.91  2.79  1.21  0.00 -0.60 15     4     -2.86  
trans_fMhMsNcBpP  1.49  0.86  0.70  0.23  2.60  0.44  1.86  1.21  0.00  2.02 16     1      1.03  
trans_fMhRsNcBpP  0.47  0.88        0.04  1.33        1.01  1.81  0.00  1.79 11     3      0.72  
trans_fPhLsHcHpB -0.51  0.00 -0.48  0.00  0.23 -0.14 -0.34 -0.10  0.00  0.22  7     8     -0.03  
trans_fPhMsHcHpB -0.06  0.02 -0.48  0.00  0.23  0.22       -0.85  0.00  0.22  6     5     -0.08  
trans_fPhRsHcHpB -0.12  0.27 -0.48  0.00  0.23  0.06  0.16  0.96  0.00  0.22  8     5      0.13  
trans_fShLsNcBpP  0.80  0.04  0.31 -0.23  3.79 -0.85  0.85  2.26  0.00 -0.33 11     7      0.60  
trans_fShMsNcBpP  0.29 -0.88  0.02 -0.42  3.76 -0.86        1.41  0.00  1.13  7     8      0.25  
trans_fShRsNcBpP  0.59  0.86 -0.39  0.08                    1.21  0.00  1.02  8     5      0.24  

********** MALT-ARC-EAGER **********
trans            ar    bg    bn    cs    da    de    el    en    es    fi     hi    hu    
000_orig         78.06 86.23 81.53 74.49 84.33 82.20 77.04 83.01 83.85  70.65 89.01  75.69
001_pdtstyle     77.95 85.29 81.53 75.17 80.14 81.66 76.56 82.85 82.28  72.26 89.96  77.40
trans_fMhLsNcBpP  4.94  2.53  0.00  4.06  3.14  2.04  3.35  2.26  3.13   2.69  0.00   0.79
trans_fMhMsNcBpP  4.70  2.11  0.00  3.47  2.94  1.47  2.60  2.08  2.81   2.93  0.00   0.29
trans_fMhRsNcBpP  0.66  0.66  0.00  0.15 -0.58  0.97  0.65  0.76 -1.12   0.50  0.00  -0.61
trans_fPhLsHcHpB  0.10 -0.96  0.00 -1.10  0.44  0.05 -0.10  0.00 -0.06 -72.26  0.00   0.00
trans_fPhMsHcHpB  0.10 -1.03  0.00 -1.12  0.44 -0.07  0.12  0.00 -0.06   0.00  0.00   0.00
trans_fPhRsHcHpB -0.20 -0.07  0.00 -0.13  0.55  0.00  0.15  0.00 -0.06   0.00  0.00 -66.78
trans_fShLsNcBpP  3.45  2.14  0.00  3.54  2.43  1.39  2.12  1.68  2.36   1.90  0.00   0.76
trans_fShMsNcBpP  3.47  1.72  0.00  2.92  2.32  1.01  1.14  1.46  1.96   1.99  0.00   0.29
trans_fShRsNcBpP  1.78  1.25  0.00  1.50  0.36  0.84  1.58  1.18  0.47   0.41  0.00   0.34

trans            it    nl    pt    ro    ru     sl     sv     ta    te    tr    better worse average
000_orig         82.99 76.45 82.80 86.48  14.89  74.30  84.48 78.73 88.78 80.10 22     0     78.01  
001_pdtstyle     81.97 75.26 82.53 86.33  84.59  73.77  81.70 78.63 88.27 77.15 22     0     80.60  
trans_fMhLsNcBpP  2.08  2.81  1.62  0.98   3.04   3.47   3.32  1.61  0.00  1.11 19     0      2.58  
trans_fMhMsNcBpP  1.81  2.04  1.21  0.98   2.86   3.29   2.74  1.71  0.00  2.39 19     0      2.34  
trans_fMhRsNcBpP  0.49  0.59 -1.24 -0.49   0.17 -61.02   0.87  1.61  0.00  2.46 13     6     -2.87  
trans_fPhLsHcHpB -0.08  0.00 -0.09  0.00   0.06   0.86  -1.33 -0.90  0.00  0.13  3     6     -5.02  
trans_fPhMsHcHpB  0.00 -0.29 -0.09  0.00   0.06   0.81 -68.94 -0.20  0.00  0.13  4     5     -5.01  
trans_fPhRsHcHpB  0.12 -0.23 -0.09  0.00   0.06   0.11  -0.11 -0.20  0.00  0.13  5     6     -4.17  
trans_fShLsNcBpP  1.69  0.98  1.36  0.30   2.78   2.49   2.05  0.90  0.00  0.80 19     0      1.85  
trans_fShMsNcBpP  1.24  0.66  0.99  0.00   2.26   2.39 -68.94  2.77  0.00  2.48 17     1     -2.10  
trans_fShRsNcBpP  0.86  0.97 -0.49 -0.15 -72.96 -61.02 -68.94  2.61  0.00  2.42 14     5     -9.84  

********** MALT-STACK-LAZY **********
trans            ar    bg    bn    cs    da    de     el     en    es    fi    hi    hu    
000_orig         16.94  6.71 31.16 15.01 11.41   6.67   6.20  9.37 25.72 15.98 20.15  11.40
001_pdtstyle     84.84 89.91 86.21 83.76 85.71  86.99  81.60 81.11 88.94 78.62 95.03  82.84
trans_fMhLsNcBpP  2.19  1.45  0.00  2.52  1.45 -75.15   2.33  0.92  1.16  1.60  0.00  -0.37
trans_fMhMsNcBpP  2.52  0.93  0.00  1.23  1.28 -75.15 -73.50  0.50  0.61  0.85 -0.31   0.01
trans_fMhRsNcBpP  0.10  0.05  0.00  1.63  0.14 -75.15   0.33  0.80 -0.28  1.05  0.00   0.39
trans_fPhLsHcHpB -0.60 -0.54  0.00 -0.44  0.03 -75.15  -0.87  1.56  0.16  1.03  0.00   0.00
trans_fPhMsHcHpB -0.18 -0.71  0.00  1.10  0.05 -75.15  -0.46  1.56  0.16  0.88  0.00   0.00
trans_fPhRsHcHpB -1.13  0.22  0.00  0.42  0.60 -75.15   0.00  1.56  0.16  0.00  0.00 -72.22
trans_fShLsNcBpP  1.17  0.66  0.00  1.61  0.39 -75.15   0.56 -0.02  0.42  0.17  0.00  -1.29
trans_fShMsNcBpP  0.90 -0.03  0.00  1.14  0.62 -75.15  -0.33 -0.62 -0.02  0.74  0.00  -0.78
trans_fShRsNcBpP -0.41 -5.56  0.00  0.72  0.31 -75.15   1.06  1.32 -0.30  0.66 -0.13  -0.52

trans            it    nl     pt    ro     ru     sl     sv     ta    te    tr    better worse average
000_orig          0.06  15.22  8.08  46.10  12.29  13.29   9.23  9.45  3.02 24.40 21      0     14.45 
001_pdtstyle     83.58  81.43 88.46  86.29  86.93  80.85  83.45 78.93 92.13 82.27 22      0     84.99 
trans_fMhLsNcBpP  1.96   0.97 -0.32 -25.57   0.29   0.99   2.32  2.21  0.00  0.78 15      4     -4.12 
trans_fMhMsNcBpP  1.26   1.04 -0.78 -25.64   0.64   0.95   1.84  1.76  0.00  2.17 14      5     -7.89 
trans_fMhRsNcBpP  0.55   0.05 -1.07 -26.52   0.00 -68.09   0.67  1.26  0.00  2.17 10      5     -8.99 
trans_fPhLsHcHpB  0.22   0.00 -0.60   0.00   0.52  -0.19  -1.01 -0.60  0.00  0.29  6      9     -4.76 
trans_fPhMsHcHpB  0.00  -0.56 -0.60   0.00   0.52  -0.72 -70.69  0.05  0.00  0.29  6      8     -9.03 
trans_fPhRsHcHpB -0.02  -0.27 -0.60   0.00   0.52  -0.45  -0.35  0.20  0.00  0.29  8      7     -9.14 
trans_fShLsNcBpP  0.67  -0.50 -0.75 -26.29   0.20   0.56   0.71  0.96  0.00  0.69 13      5     -5.01 
trans_fShMsNcBpP  0.53  -1.29 -0.85 -26.25   0.32  -0.50 -70.69  1.46  0.00  1.04  8      9     -8.94 
trans_fShRsNcBpP -0.22 -13.50 -1.14 -26.17 -75.30 -68.09 -70.69  1.41  0.00  1.42  7     13    -16.51 

