**********  MALT-ARC-EAGER  **********
trans            ar    bg    bn     cs    da     de    el     en    es     eu     fi    grc    hi     hu   
001_pdtstyle     32.85 49.81  86.96 37.62  52.97 50.74  29.44 47.63  43.76  54.44 41.62  28.24  60.45 47.92
trans_fMpPcBhLsN  3.90  6.91 -11.60  8.70   4.53 12.97   6.09  5.93   8.53   0.59  5.78  -1.30  -2.45  7.34
trans_fMpPcBhMsN -2.28  1.12 -10.15        -1.88  4.20   0.66 -1.45   4.90  -8.61 -3.47  -4.00  -6.19  1.96
trans_fMpPcBhRsH  3.25       -10.15  1.07  -7.50         4.44  0.04  -6.12  -2.00 -2.89         -2.67  1.47
trans_fMpPcBhRsN  2.11  4.11 -10.15  1.87  -6.88  7.40   5.92 -0.00  -6.12  -3.25 -2.70  -2.00 -11.94  0.98
trans_fPpBcHhRsH -1.79 -2.98 -10.15 -7.37 -11.72  2.24  -6.25 -6.55 -11.74 -13.26 -2.12  -8.48  -7.68 -7.58
trans_fPpBcHhRsN       -4.10  -7.25 -9.24 -10.94  1.04  -7.07 -6.11 -12.19 -13.26 -1.74 -10.36  -7.57 -7.58
trans_fSpPcBhLsN -8.62 -2.05  -7.25 -2.95  -8.59  4.96  -6.74 -3.25  -2.08  -9.42 -5.59  -2.95  -7.68  1.71
trans_fSpPcBhMsN -8.62 -5.22 -11.60 -5.49 -10.31 -2.92 -10.03        -6.17 -13.42        -2.00  -7.04 -6.84
trans_fSpPcBhRsH  8.29  7.09 -10.15 -1.74  -0.78  6.20   4.77  5.88   1.66  -5.20  1.15  -7.18  -5.12  1.22
trans_fSpPcBhRsN  7.15  6.91  -7.25  0.26  -1.25  7.00   2.30  5.88   1.39  -7.52  0.96  -8.24  -5.65  0.74

trans            it     ja    la    nl     pt     ro     ru    sl     sv     ta    te    tr    better worse average
001_pdtstyle      39.63 65.17 23.11  52.20  54.01  71.62 55.65  36.08  51.49 40.20 69.81 48.83 26      0    48.93  
trans_fMpPcBhLsN  -1.31 -2.25  6.69   5.94  -4.95  -0.67  1.79   3.87   1.89 10.78 13.21  0.59 19      7     3.52  
trans_fMpPcBhMsN  -6.48 -1.13  0.64  -2.33 -13.21  -0.67 -2.38  -0.50  -2.03  6.86 11.32 -3.51  8     17    -1.54  
trans_fMpPcBhRsH  -4.58 -1.13         1.03  -8.49  -5.40 -4.76   1.37  -0.41  4.90       -3.22  7     13    -1.99  
trans_fMpPcBhRsN  -3.22 -1.13 12.19   0.38         -5.40 -2.38   0.25   1.35  5.88 -3.77 -3.51 11     13    -0.80  
trans_fPpBcHhRsH  -4.03 -0.00 -2.79  -3.75 -17.22  -3.38 -1.19  -9.49  -8.11 -0.98  1.89 -5.56  2     23    -5.77  
trans_fPpBcHhRsN  -4.58 -0.00 -4.94  -3.75 -20.52  -3.38 -1.78  -8.36  -7.98 -1.96 -3.77 -5.26  1     23    -6.51  
trans_fSpPcBhLsN        -6.74  3.03  -9.31 -14.15 -10.81  1.49  -9.11 -10.68 -3.93 11.32 -2.05  5     20    -4.46  
trans_fSpPcBhMsN -10.83 -5.62       -14.60 -12.50 -13.51 -2.38 -12.11 -13.38  9.80  5.66 -1.46  2     21    -6.98  
trans_fSpPcBhRsH   0.04  1.12  1.91  -1.17 -10.38   2.70  2.98  -5.12  -3.65 10.78  0.00 -1.46 13     11     0.15  
trans_fSpPcBhRsN   0.32 -0.00  0.48  -1.30 -12.50   2.70  3.87  -4.49  -4.19 10.78  0.00 -1.46 14     10    -0.12  

